2 0.4814994842702424 0.6925 0.11179731820526044 0.215
2 0.6075605982465188 0.6258333333333334 0.12336255801959772 0.23833333333333334
2 0.8111088189788551 0.5341666666666667 0.08789582258896339 0.14166666666666666
2 0.9375554409489428 0.5025000000000001 0.11411036616812789 0.1716666666666667
2 0.855442238267148 0.4191666666666667 0.07941464672511604 0.12166666666666667
2 0.7771841155234657 0.3816666666666667 0.08943785456420834 0.15000000000000002
1 0.6495809695719443 0.38416666666666666 0.08249871067560599 0.15833333333333333
2 0.0979190304280557 0.8508333333333333 0.19275399690562145 0.2916666666666667
2 0.1403249097472924 0.6141666666666667 0.1310727178958226 0.2583333333333333
2 0.11064079422382674 0.5175 0.12259154203197525 0.175
2 0.7116477565755545 0.47000000000000003 0.08635379061371841 0.13666666666666666
1 0.030641567818463125 0.464829988851728 0.062368231046931406 0.1301282051282051
