1 0.5618545953360768 0.7380397316821465 0.431957475994513 0.5145851393188854
1 0.19542764060356654 0.6872814551083591 0.3877537722908094 0.532088194014448
1 0.09965275034293553 0.44224041795665636 0.18689672153635117 0.2847142105263158
1 0.8646899862825788 0.5332557533539731 0.2683251028806585 0.38973204334365324
1 0.4490184156378601 0.3150526264189887 0.14889691358024693 0.20303406604747162
1 0.2776312105624143 0.361143302373581 0.12873430041152265 0.18086303405572757
1 0.7328534945130316 0.39206531991744065 0.1333873731138546 0.25670940144478843
1 0.6006296776406036 0.49824974200206396 0.25669282578875174 0.3267203302373581
1 0.9647786934156378 0.3148353973168215 0.06573067901234568 0.22967079463364293
1 0.7942443347050754 0.3192307585139319 0.09713517146776406 0.18791206398348814
1 0.2987088477366255 0.2593407120743034 0.13438203017832648 0.1626374613003096
