2 0.5778071794871794 0.8605613062568607 0.1672902564102564 0.2755770581778266
2 0.4683358384615384 0.6872938858397366 0.13182781025641027 0.24587427003293083
2 0.5959237641025641 0.629538227222832 0.13105675897435898 0.242573710208562
2 0.7994474358974359 0.5486800219538968 0.08634307692307693 0.14026454445664105
2 0.9343589743589743 0.5231020856201976 0.1125548717948718 0.15181558726673985
2 0.8607357564102565 0.4306931942919869 0.07632130769230769 0.13861361141602635
2 0.7828725641025641 0.3836635565312843 0.07940461538461538 0.10065971459934138
2 0.7100202564102565 0.47937321624588364 0.08634307692307693 0.13696377607025248
2 0.6417935897435897 0.4133661361141603 0.07632153846153845 0.13036344676180023
2 0.3646466666666666 0.4719473106476399 0.09096923076923076 0.1881185510428101
2 0.31916221025641023 0.40924094401756317 0.07246675897435897 0.14851481888035126
2 0.1484028205128205 0.6501652030735456 0.11949282051282051 0.21122173435784852
2 0.1106274358974359 0.52805268935236 0.11949282051282051 0.1881185510428101
2 0.6626084615384616 0.2912541163556531 0.06861179487179488 0.10065971459934138
2 0.45869948717948716 0.32425750274423715 0.07246666666666667 0.10065990120746433
2 0.3754397435897436 0.33250827661909993 0.06938307692307692 0.12706265642151482
2 0.27059410256410255 0.3217821075740944 0.047797435897435896 0.08910976948408343
1 0.4841397435897436 0.2656768221734358 0.055506153846153844 0.11881138309549946
2 0.5928399333333333 0.2590757409440176 0.052422697435897433 0.09571020856201976
1 0.6992271794871795 0.27805268935236005 0.046255384615384615 0.11716136114160262
2 0.4282479128205128 0.5561053787047201 0.08711443076923077 0.20792096597145993
2 0.6939233333333333 0.5879247804610318 0.11611025641025641 0.15123057080131724
1 0.7221290538461538 0.7227434851811196 0.11556240512820512 0.23798312843029637
1 0.15307921794871795 0.386869731064764 0.060793358974358974 0.10082036223929748
2 0.056138205128205124 0.4167645444566411 0.09036871794871795 0.0996476399560922
1 0.032587435897435894 0.4841734357848518 0.06407948717948718 0.11957848518111966
1 0.026836923076923078 0.6717469813391878 0.053673846153846155 0.2063304061470911
