2 0.5787414610221993 0.8406999197530863 0.16557511615900877 0.3112336913580247
2 0.8317242023748064 0.6703500679012346 0.11705753226639133 0.26519369135802473
1 0.13284486319050076 0.6151012839506173 0.12398812596799173 0.2725598518518519
2 0.8656091894682498 0.404235987654321 0.07701187403200827 0.14917074074074074
1 0.6407354155911202 0.3664820987654321 0.06160918946824987 0.18784567901234567
2 0.308815952503872 0.3812155432098765 0.06160918946824987 0.15837923456790123
1 0.9480116159008776 0.4889506172839506 0.0877929788332473 0.1528543209876543
1 0.15013336344863193 0.34962392592592595 0.059214945792462566 0.11528795061728395
1 0.06078695663397006 0.37531318518518525 0.04716227671657202 0.12656622222222222
1 0.4572124419204956 0.27506234567901233 0.0571187403200826 0.12656666666666666
1 0.7338977413526071 0.4542606666666667 0.05816707795560144 0.1591479012345679
