2 0.36843896006028637 0.8304817351598175 0.22560587792012057 0.33281430745814305
2 0.25987060663149963 0.6384138432267884 0.17786692539562926 0.2877135312024353
2 0.43465787490580254 0.5629862328767123 0.1747867370007536 0.2861581582952816
2 0.7349529012810851 0.4269050608828006 0.1516872645064054 0.19751179604261798
2 0.6036698643556895 0.3250386529680365 0.1231980557648832 0.20217776255707764
2 0.1770968349660889 0.43856927701674275 0.1663172569706104 0.2457230289193303
2 0.33417430670685755 0.4113533105022831 0.12473770158251694 0.22550488584474887
2 0.49933685003767897 0.23017123287671232 0.11010851544837981 0.1835144596651446
2 0.07776887339864356 0.31181963470319635 0.1339781085154484 0.2534992389649924
2 0.9220595327807084 0.3646970319634703 0.15476714393368501 0.21617503805175037
2 0.799246733232856 0.2690513926940639 0.11857786737000754 0.16174196347031963
2 0.6929883195177091 0.19129084474885844 0.12781838733986436 0.14930010654490106
2 0.09663338357196685 0.13608103500761035 0.11010776186887716 0.13219251141552513
1 0.26409295779954783 0.050996484018264836 0.06965087415222306 0.10199296803652967
1 0.6216342916352675 0.1295431506849315 0.08938552373775434 0.12544033485540335
1 0.035986058779201205 0.23563926940639268 0.07081160512434062 0.18053881278538814
2 0.7522295252449134 0.6131301293759513 0.15903605124340617 0.25087925418569257
1 0.6033508402411455 0.6641268264840182 0.17935107008289375 0.3950766362252664
