0 0.5093557954545455 0.6355138675213675 0.17569327167019028 0.6199379914529916
1 0.6172373150105709 0.7702489636752137 0.22192811839323465 0.45638681623931626
0 0.7370630602536998 0.6137072649572649 0.15796967230443976 0.6199380341880342
1 0.8792357716701902 0.27725862713675214 0.08630541226215645 0.21495315170940169
2 0.5351701902748415 0.2305298611111111 0.08091120507399577 0.17757061965811965
1 0.0747465644820296 0.6767911324786324 0.1494931289640592 0.40342628205128206
1 0.06395850951374207 0.4906541773504274 0.12637579281183933 0.34890959401709404
2 0.4781469582452431 0.15887833867521367 0.0793699312896406 0.16822462606837607
2 0.3953092653276956 0.32087232905982904 0.08322290697674418 0.2461057692307692
0 0.648831131078224 0.34657324252136756 0.09555232558139534 0.3006229807692308
1 0.43497778276955607 0.3962486912393163 0.0962748044397463 0.30949620726495725
1 0.20327968816067657 0.6611958012820514 0.17921053911205076 0.39155925213675213
