2 0.24545298802946597 0.582089260391198 0.34351002762430943 0.44112710268948657
2 0.6539173388581953 0.7512437836185819 0.41595887661141806 0.4908789364303179
2 0.6913910957642726 0.45605297677261614 0.27355850828729283 0.24543927872860635
2 0.90811447053407 0.49751222493887526 0.17987418968692448 0.34825916870415646
2 0.8712653591160222 0.3399667848410758 0.19361476979742173 0.215588826405868
2 0.7076295534069982 0.3034822860635697 0.16113684162062614 0.17910388753056233
2 0.3341413259668508 0.33499144254278734 0.20110961325966853 0.20563814180929094
2 0.8287950782688767 0.25124402200489 0.1061759576427256 0.12769533007334963
2 0.25169863720073665 0.24129353300733494 0.11117178637200738 0.10779435207823962
2 0.06058255524861878 0.2553897188264059 0.11616879373848987 0.1625207334963325
2 0.5275492633517496 0.3813227383863081 0.18171178637200736 0.2451369193154034
