2 0.9230768329868329 0.7295082002457002 0.14964252252252253 0.5380029852579853
2 0.7452712231462232 0.6915052886977887 0.21942013167013166 0.6140090786240786
2 0.5418242169092169 0.6847988759213759 0.2530473388773389 0.6274219041769041
2 0.3619167221067221 0.6922505159705159 0.21605706167706165 0.60953828009828
2 0.126944060984061 0.6490311240786241 0.2017653776853777 0.6572276781326781
2 0.25304750519750524 0.3964230343980344 0.1530054747054747 0.30700405405405407
2 0.3539301732501733 0.35096851351351355 0.12946605682605683 0.18926936117936116
2 0.48213548163548164 0.3569297235872236 0.10676715176715176 0.2309980466830467
2 0.9247581878031877 0.46572281326781334 0.14796110187110187 0.4187779606879607
2 0.8669576299376298 0.423404441031941 0.0936170200970201 0.26808546683046686
