1 0.6838991094941095 0.7794338036809816 0.29881108108108106 0.438151754601227
1 0.834146632016632 0.7354694417177914 0.27945171171171174 0.41579731288343563
1 0.35268158004158007 0.6602084478527608 0.16666098406098406 0.2771978282208589
1 0.5025081531531532 0.613263699386503 0.163294158004158 0.2667658527607362
1 0.14730126126126128 0.7146053128834355 0.21548063756063757 0.33234029447852764
1 0.05723700623700624 0.6140089018404908 0.11447401247401248 0.22950828220858896
1 0.8598190367290367 0.5692993865030674 0.1456176437976438 0.24143067484662575
1 0.917200751905752 0.5499255828220859 0.14759030492030492 0.21460527607361962
1 0.5176590436590437 0.47988073619631905 0.07743866943866944 0.1341280981595092
1 0.6216119265419267 0.549180527607362 0.15908525294525294 0.23994078527607363
1 0.690212325017325 0.5134130552147239 0.12625864864864864 0.15350272392638037
2 0.18097037075537076 0.43293613496932515 0.06565454608454609 0.10283202453987729
1 0.10731958766458767 0.5178840490797546 0.10521529452529453 0.21013374233128831
1 0.24872891198891198 0.4336813067484663 0.07322938322938323 0.09538050306748468
