0 0.6248180555555556 0.6542288745387455 0.32333240740740743 0.6782753382533826
0 0.4531649351851852 0.6667533886838869 0.2571682777777778 0.6631771094710948
0 0.8701262361111112 0.5082920848708488 0.25716789814814817 0.5688229643296433
0 0.2659064305555556 0.5066332595325953 0.20473528703703706 0.6583743173431734
0 0.06990953240740741 0.42951902214022136 0.11485130555555556 0.41127683886838867
0 0.5486665648148148 0.29601965559655596 0.08613909259259259 0.1310111193111931
0 0.8470310277777777 0.34660035670356704 0.11110646296296296 0.24212277982779828
0 0.7078358055555556 0.34245448954489544 0.09987098148148148 0.14759532595325953
0 0.6142067916666667 0.383084840098401 0.10985802777777778 0.2155892373923739
0 0.190379125 0.49419568880688813 0.14606136111111112 0.47761194341943425
0 0.4045148148148148 0.26703259532595325 0.03970740740740741 0.12747232472324724
0 0.4553888888888889 0.31813222632226323 0.047151851851851855 0.22087945879458792
