2 0.3005800875576037 0.6932008088235293 0.33674950230414746 0.6102822058823529
2 0.6510490322580647 0.6998344485294118 0.28436645161290325 0.59369875
2 0.501382271889401 0.4295188909313725 0.19706034101382489 0.20895486519607842
2 0.3554575944700461 0.38474325980392154 0.16712720737327189 0.20232230392156864
2 0.2824955391705069 0.3300163664215687 0.11349740092165898 0.13930305147058825
2 0.11100278341013825 0.3897178982843137 0.18957784331797234 0.2885568504901961
1 0.636705866359447 0.3432837316176471 0.11349702304147466 0.1326702818627451
1 0.8799137972350232 0.5472636825980393 0.21327463594470047 0.520729693627451
2 0.8368848294930875 0.36815920343137254 0.10476674654377881 0.13930348039215687
2 0.14462963133640552 0.49945058823529415 0.1404974193548387 0.2428570588235294
