2 0.43230021198156676 0.7172471315468941 0.3802235391705069 0.5588723629719854
2 0.7736227788018434 0.7470978745432401 0.2848539815668203 0.4991708769792936
2 0.6311958064516129 0.4966835505481121 0.19826829493087558 0.23383143727161995
1 0.20956221198156683 0.4378109500609013 0.2007778801843318 0.28524046285018273
2 0.8144059262672811 0.4502487515225335 0.17819091244239632 0.2006633495736906
1 0.754799603686636 0.39386401339829474 0.12925056221198158 0.1310116077953715
2 0.39528143778801844 0.37976754567600485 0.08533021198156682 0.13930291108404386
2 0.9402175115207373 0.4971626065773447 0.11591705069124424 0.202836784409257
1 0.14704312442396314 0.36241157734470153 0.12450361290322581 0.12056783191230207
2 0.2822800506912443 0.5326240682095006 0.19534220276497696 0.2595745676004872
