1 0.5899068745668745 0.7280262836185819 0.09306913374913374 0.2686564792176039
1 0.5175197817047817 0.7860695415647923 0.10246979209979211 0.3084574938875306
1 0.43009152113652116 0.8606962102689487 0.11187101178101178 0.27528973105134474
1 0.32715134095634096 0.7976784841075795 0.10528983367983369 0.24212224938875307
1 0.15699497920997918 0.8864010513447433 0.1278520374220374 0.22388004889975552
1 0.18472768191268193 0.6533995110024451 0.06862641025641027 0.15257017114914426
1 0.1344330214830215 0.7379767787286063 0.11281101871101872 0.14925372860635697
1 0.26181520097020095 0.7039802322738385 0.09870950103950105 0.21724735941320292
1 0.48132630977130975 0.6426202322738387 0.062045925155925157 0.12769486552567239
1 0.42633093901593905 0.6898838753056235 0.08742821205821207 0.132669902200489
1 0.5988375952875953 0.5497514547677261 0.052644975744975744 0.08789427872860636
1 0.8061275121275122 0.7777777444987776 0.1193915453915454 0.1857379095354523
1 0.9316299376299377 0.5895520415647921 0.05828551628551628 0.08789347188264059
1 0.8587727858627858 0.5746268520782396 0.053585405405405406 0.09784409535452322
1 0.8366805266805266 0.691542402200489 0.09024809424809425 0.14593720048899755
1 0.9382101524601525 0.7031509779951101 0.09212855162855162 0.14925305623471882
1 0.9424405751905753 0.8051411980440097 0.10058939708939708 0.2006638141809291
1 0.8423210152460153 0.6268658312958435 0.05076476091476092 0.10613630806845967
1 0.6336211226611226 0.6077943643031785 0.07332679140679141 0.14427860635696824
1 0.42210075883575887 0.571309902200489 0.05264532917532917 0.11111124694376527
1 0.034261573111573115 0.8604394865525672 0.06727726957726958 0.27252689486552567
