2 0.03494305239179954 0.8590380000000001 0.06802277904328018 0.2686564324324324
1 0.15654436977980257 0.7578771351351351 0.07827192862566439 0.21890518918918916
2 0.08759037965072133 0.7213930878378378 0.08013586940015185 0.1525705810810811
1 0.9238921716021261 0.8797679594594594 0.14815794988610478 0.23714786486486486
2 0.4495064540622627 0.8593403648648649 0.10249810174639333 0.27472467567567566
2 0.33002907365224 0.8076919797297297 0.09076581624905088 0.23736198648648651
2 0.16949109719058467 0.8923078175675677 0.13398750949126803 0.21318706756756758
2 0.7739786066818526 0.875274722972973 0.1290481017463933 0.24945055405405406
2 0.5263792824601368 0.7983515472972972 0.10064462414578587 0.3109887972972973
2 0.8613482194381169 0.5796702162162162 0.05680576309794989 0.0868134054054054
2 0.9490265755504935 0.5829667972972973 0.06051025056947608 0.10879072972972972
2 0.8104084434320425 0.7637361959459459 0.08829624905087319 0.15604382432432432
