1 0.41420668693009116 0.5447759677419355 0.05570668693009119 0.10116054698457223
1 0.6725244832826747 0.5995022931276297 0.05480817629179331 0.09452697054698457
1 0.8540209764437691 0.6053065287517532 0.04762066109422493 0.09950194950911641
1 0.928596132218845 0.6135986255259468 0.04402658054711246 0.0961856381486676
1 0.9191618541033434 0.6592042987377279 0.06828571428571428 0.11111173913043478
1 0.8239213525835867 0.7131014726507714 0.09164665653495441 0.1293538569424965
1 0.933088590425532 0.8316751122019634 0.12489120820668694 0.1774464095371669
1 0.8126900455927052 0.808457538569425 0.10153024316109423 0.14096150070126226
1 0.5903122302431612 0.7578773632538569 0.08086490121580547 0.27860712482468447
1 0.4299304711246201 0.7213931977559607 0.08176367781155015 0.14593730715287517
1 0.5233740159574467 0.8233831206171108 0.09793585866261398 0.3134329172510519
1 0.3580505319148936 0.5928691654978963 0.053011398176291795 0.08789420757363255
1 0.4160038487841945 0.6019898877980364 0.05930081306990881 0.11276917251051893
1 0.350413476443769 0.6965171318373071 0.06828550911854103 0.23217190743338006
1 0.18868427051671732 0.6865673281907434 0.07008282674772036 0.15257081346423562
1 0.24978191489361704 0.7346601192145862 0.09524012158054711 0.19900514726507715
1 0.14690412234042555 0.7877278471248247 0.10332701367781155 0.24543911640953717
1 0.3279512689969605 0.8441127699859748 0.10242876899696048 0.24543948106591865
1 0.49641928571428573 0.6625204137447405 0.08176325227963527 0.15091148667601684
1 0.9213461740121581 0.9291206171107995 0.09942771276595744 0.13955960729312764
1 0.4358161588145897 0.8681318653576438 0.113121679331307 0.2615384572230014
1 0.03006648936170213 0.8890105189340813 0.05775151975683891 0.21538429172510518
