2 0.9246959162790698 0.47927077747989283 0.14615607441860465 0.2255388739946381
1 0.09667023255813954 0.4925371581769437 0.1933404651162791 0.2786066487935657
1 0.28368072093023255 0.5157547117962467 0.23131762790697674 0.3117747587131367
2 0.4810490651162791 0.4502486863270777 0.2370721023255814 0.2703149597855228
2 0.6467692976744187 0.5008294235924933 0.18643535813953488 0.24875670241286862
2 0.744590046511628 0.6376454289544236 0.29461339534883724 0.28689949061662195
2 0.9373550325581397 0.7180762198391422 0.12313923720930234 0.22885560321715817
2 0.09456046511627907 0.16483516756032174 0.14946697674418605 0.25274725201072384
2 0.23525796744186045 0.19120878686327075 0.12887686511627908 0.23736264075067023
2 0.861722311627907 0.1873623927613941 0.14794142325581394 0.25164786863270777
