1 0.9487257314814815 0.24378141711229948 0.09877816666666667 0.20895588235294119
1 0.8384619722222223 0.23051413770053478 0.1539093888888889 0.19568830213903746
1 0.6954638055555555 0.297678429144385 0.1872186851851852 0.2205641577540107
1 0.5685462083333334 0.2703147727272727 0.15850387962962964 0.20563783422459894
1 0.22799266203703705 0.26865653743315504 0.14357208333333332 0.2288553743315508
1 0.3181559074074074 0.2976782152406417 0.2021492962962963 0.23383073529411766
1 0.4456481064814815 0.3606962633689839 0.2090408240740741 0.3598668315508021
1 0.2383295925925926 0.5339967112299465 0.343425 0.42454401069518716
1 0.4186565046296296 0.6882254211229946 0.4215277314814815 0.46766145721925134
1 0.6879983749999999 0.7097847192513368 0.4732143611111111 0.5771150534759358
