1 0.3393759028831563 0.5804314002828854 0.15033924127465859 0.18905516265912306
1 0.5199615629742034 0.5157548373408769 0.0702771775417299 0.15588777934936351
1 0.4341167298937784 0.5514095120226308 0.08362086494688922 0.19402963224893915
1 0.33937601669195755 0.4867330763790665 0.107639468892261 0.12437826025459689
1 0.053819779969650976 0.638474540311174 0.1040812291350531 0.24875671852899578
1 0.10452605462822456 0.5373134370579915 0.09696459787556905 0.20563847241867045
1 0.13877503793626705 0.7421228995756718 0.19392943854324735 0.3731346817538897
1 0.35316451062215476 0.6956880056577086 0.16368311836115326 0.28689838755304103
1 0.4990563125948407 0.6484244130127298 0.15656669195751138 0.2819234512022631
1 0.6138125758725342 0.5630182461103254 0.1476708573596358 0.21724710042432815
1 0.8317604779969652 0.6044777793493634 0.1992666009104704 0.24709818953323903
1 0.9202739264036418 0.5961854101838755 0.15923515174506828 0.2404636916548798
1 0.8362085660091046 0.7877279420084866 0.2793294537177542 0.4112767892503536
1 0.672970053110774 0.7943618599717115 0.2766608042488619 0.4079608628005658
1 0.22370447647951439 0.6148349504950495 0.08783080424886192 0.19010944837340876
