1 0.8990334574468085 0.40429302030456854 0.07648202127659574 0.1538454314720812
2 0.8495452127659574 0.4320209390862944 0.07648191489361703 0.13774492385786802
2 0.7779372340425531 0.35330980964467 0.07273191489361702 0.11985753807106599
2 0.8259255319148936 0.33989294416243654 0.05623617021276596 0.10375725888324874
2 0.7044547872340425 0.31484824873096445 0.0787308510638298 0.17531365482233505
2 0.7468199308510638 0.2647582233502538 0.04648879787234042 0.13953431472081218
2 0.5867335478723404 0.1860469543147208 0.062235031914893615 0.11806852791878172
2 0.6272234042553192 0.16905199238578678 0.04723829787234043 0.12701276649746193
2 0.7906845744680852 0.5089441624365483 0.08622872340425533 0.15563451776649745
2 0.7014558510638297 0.6440076142131981 0.09972659574468085 0.4150253807106599
2 0.6249743617021276 0.4722719162436548 0.09222787234042552 0.33273703045685277
2 0.7048301968085107 0.422182538071066 0.06598379787234042 0.12522375634517768
2 0.5439936170212766 0.41234285532994924 0.07723191489361703 0.28085743654822337
2 0.5586153297872339 0.6627906091370558 0.11847146808510638 0.44901776649746195
2 0.4454872021276596 0.6896248984771572 0.1306573829787234 0.5169935025380711
2 0.3655367021276596 0.5715567131979696 0.09522659574468086 0.44186119289340103
2 0.31604893617021274 0.47584963197969543 0.08472978723404255 0.4150266243654822
2 0.4052771276595745 0.3389980837563452 0.08173085106382978 0.11985662436548222
2 0.28080744680851066 0.358676192893401 0.06673404255319149 0.35599279187817257
2 0.36291276595744687 0.25491941624365483 0.07798085106382979 0.1413236040609137
2 0.3317952127659574 0.20751379441624365 0.05473723404255319 0.09660185279187816
2 0.4705114840425532 0.4409657360406091 0.08622935106382978 0.16278934010152282
2 0.16983404255319148 0.7459744796954315 0.13571702127659574 0.45795967005076144
2 0.04761370212765957 0.7361357106598985 0.09222740425531914 0.5026828934010152
2 0.1458400265957447 0.44096642131979696 0.09972632978723404 0.19856969543147207
2 0.04573915425531915 0.45885406091370556 0.0884783085106383 0.18783502538071067
2 0.053611702127659575 0.35241497461928933 0.08322978723404256 0.14311421319796955
2 0.13459255319148936 0.3291598984771573 0.09222765957446809 0.17173604060913705
2 0.052112765957446815 0.26386421319796954 0.08322978723404256 0.12343401015228427
