1 0.2550672461116194 0.6342287581699346 0.2639917657822507 0.7147647058823529
1 0.4852383577310156 0.6451339869281045 0.23392959743824335 0.6996633986928105
1 0.7515795974382433 0.6065441176470588 0.2480210430009149 0.7734901960784313
1 0.9300796294602013 0.5753357843137255 0.13528460201280879 0.44932843137254896
1 0.9145782250686185 0.3062083333333333 0.16440805123513266 0.28355718954248366
1 0.09723604757548032 0.2818792973856209 0.16440805123513266 0.26510088235294116
1 0.20856348124428178 0.32550359477124186 0.13340509606587375 0.26845686274509806
1 0.42135451509606586 0.255872704248366 0.1850768801463861 0.23322191176470589
1 0.7362442131747484 0.2808513071895425 0.18743655077767613 0.2751764705882353
1 0.9101271729185727 0.20457200163398692 0.17789021043000916 0.2731533823529412
