2 0.792112087647929 0.8269940350877193 0.19140021079881656 0.26012280701754387
2 0.6100880177514793 0.8030677192982456 0.17652810650887574 0.22944771929824562
2 0.4393796597633136 0.8092024561403508 0.16747529585798818 0.23926385964912283
2 0.2670549149408284 0.7889569438596491 0.17588127958579883 0.2920247649122807
2 0.4435828402366864 0.5950920245614035 0.1409637573964497 0.24539877192982454
2 0.7384424926035503 0.6392636350877193 0.1616556952662722 0.18650341052631578
2 0.5871328624260355 0.6171779263157894 0.14742992603550295 0.2134969052631579
2 0.3494992769970414 0.48711667719298246 0.1273845821005917 0.17668734736842107
2 0.10119640717455622 0.4509202175438597 0.09763985576923077 0.21963184561403507
2 0.5774334208579881 0.47546014035087714 0.11768528106508876 0.21472397192982454
2 0.9097973354289942 0.49877310175438605 0.11380547707100591 0.17791392280701754
1 0.2007762573964497 0.33496947017543854 0.08082766272189348 0.16687087017543858
2 0.6847223465236687 0.40567368421052635 0.10764184541420119 0.14468070175438597
0 0.9684038461538462 0.5971631192982456 0.05606360946745562 0.20992907368421054
