1 0.07899500370096225 0.4831684119278779 0.09458290155440414 0.16435624133148405
1 0.2533652849740933 0.7732673370319002 0.12311621021465582 0.312871705963939
1 0.4272072538860104 0.790594049930652 0.16644411547002222 0.2742574479889043
1 0.5967736509992598 0.811042947295423 0.17109874537379718 0.25276073509015257
1 0.7795638415988156 0.8122698821081831 0.19055255366395266 0.272392746185853
1 0.6780666950407106 0.4828219660194175 0.08971042931162103 0.22944760748959778
1 0.5638005181347151 0.49693265256588076 0.10477128053293856 0.17423285020804438
1 0.45804700222057737 0.4797545076282941 0.10018726868985937 0.22576699029126213
1 0.3562222427831236 0.49386477115117894 0.09036528497409327 0.1779140083217753
1 0.710480384900074 0.6190184084604716 0.14406069578090303 0.23435581830790567
1 0.5736228719467061 0.6165643169209432 0.13358327165062917 0.21963210124826632
1 0.43709270910436715 0.6079754611650485 0.13030903034789046 0.24171778779472955
1 0.29466931902294596 0.599386577669903 0.14275092524056254 0.2343556796116505
1 0.8437363064396742 0.4226993862690707 0.09102035529237602 0.14110429264909846
1 0.9583299407846041 0.6276074895977809 0.08054293116210215 0.2098155339805825
