0 0.6846989985163204 0.4932514204545455 0.13520956973293768 0.21840482954545457
2 0.381919096810089 0.7122698863636363 0.1704539206231454 0.28834375
0 0.20313501483679527 0.6527607350852273 0.13713204747774482 0.27484662642045454
0 0.4072307121661721 0.3815949857954546 0.10445103857566766 0.19631923295454545
0 0.6257449925816023 0.3803678977272727 0.08650853115727003 0.1987727272727273
0 0.5203327151335312 0.39631889204545456 0.1179080118694362 0.18650284090909092
1 0.3075859569732938 0.4067482244318182 0.09483882789317508 0.19018394886363635
2 0.8400939781157272 0.4012269247159091 0.12559765207715134 0.20368112215909093
2 0.5241776706231454 0.5226995738636364 0.143540059347181 0.23067471590909092
0 0.3838415393175074 0.5098158877840909 0.13456883531157268 0.2269939914772727
0 0.7382060459940654 0.6680983664772727 0.16148256676557865 0.24662571022727275
