2 0.5619615225390985 0.7403736436498151 0.4135268169273229 0.5052503699136869
2 0.34475114995400186 0.6347718865598027 0.3482327506899724 0.2660443896424168
2 0.8849480220791168 0.6242707953144266 0.22199908003679852 0.25670928483353883
2 0.7687253587856486 0.5577595191122072 0.22809285188592454 0.2310382983970407
2 0.7843959429622814 0.36114344636251544 0.0992467525298988 0.1131853637484587
1 0.837936858325667 0.3978997718865598 0.13145839006439744 0.13535564734895192
1 0.9354421941122356 0.42707099876695437 0.11927016559337626 0.1470248581997534
2 0.692549351425943 0.4498249691738594 0.14364646734130634 0.15985997533908755
1 0.5854678012879485 0.4107355117139334 0.15757589696412144 0.1330221948212084
1 0.5484678012879486 0.3453910542540074 0.14277552897884085 0.10268346485819976
2 0.40308049678012875 0.3646442601726264 0.10969365225390984 0.11785327990135634
2 0.3987271527138915 0.45390869913686804 0.1810811131554738 0.18903093711467325
2 0.30513937442502304 0.43057147965474724 0.14712879484820607 0.1493576572133169
2 0.9210774057037718 0.3506418002466091 0.08009357865685372 0.10151787916152898
1 0.20154001839926405 0.3955656843403206 0.1001177552897884 0.1983668803945746
1 0.10838776448942042 0.6289379778051788 0.21155197792088315 0.5787627620221948
