0 0.9339181977818853 0.4375726724137931 0.1287264325323475 0.3407229064039409
0 0.613854898336414 0.34305714901477835 0.07881146025878004 0.10268373152709359
0 0.6847856146025878 0.34072373152709357 0.08231416820702403 0.10501805418719211
0 0.8380303927911277 0.6878651477832513 0.22942904805914974 0.6219371921182266
0 0.6655207624768946 0.5256709051724138 0.21541873382624768 0.2648774014778325
0 0.5871466635859519 0.47316192118226597 0.14974179297597043 0.264876921182266
0 0.4693673752310536 0.40840147783251235 0.11208780036968577 0.15402463054187193
0 0.21760752772643255 0.3308049261083744 0.0726814325323475 0.08518128078817733
0 0.2009695009242144 0.4235708128078818 0.13047689463955636 0.1680283251231527
0 0.3126197966728281 0.6231037315270935 0.2276776709796673 0.43640583743842365
