2 0.690951562937063 0.6056007105606258 0.3429723986013986 0.45741002607561926
2 0.8902884895104896 0.41190221642764013 0.21592243356643354 0.4224041720990873
2 0.688134972027972 0.393232073011734 0.23344613986013987 0.27771316818774444
2 0.5582688811188811 0.24037310951760105 0.186506993006993 0.2730460886571056
2 0.765429020979021 0.20128357235984354 0.1739895104895105 0.21120078226857888
2 0.4337222272727273 0.24737483702737942 0.12141708391608391 0.2123689700130378
2 0.1858807692307692 0.2998833116036506 0.176493006993007 0.23804041720990873
2 0.30542046853146854 0.3080516036505867 0.20903813986013983 0.2963822164276402
2 0.41651110839160843 0.5169194915254237 0.24471204895104892 0.39206534550195565
2 0.2750660839160839 0.7421238591916559 0.3448496503496503 0.5087509778357235
2 0.08887237762237762 0.4655775749674055 0.17774475524475525 0.35472490221642766
2 0.07541608391608391 0.19253259452411997 0.11077762237762238 0.1913650586701434
