1 0.7703889664804469 0.33197192105263157 0.19940921787709495 0.3535587894736842
1 0.9258293121508381 0.41831986184210523 0.14367377793296088 0.3558923552631579
1 0.8611141759776537 0.09626628947368421 0.11085125698324022 0.18786415789473684
1 0.7688411312849162 0.08693147368421053 0.1207604748603352 0.1551918947368421
1 0.46229539106145245 0.18728092105263155 0.13066899441340782 0.2532092105263158
1 0.3638292772346369 0.15577601973684213 0.10713613826815642 0.19719940789473686
1 0.15389194483240223 0.3238041052631579 0.21117560754189946 0.4562424210526316
1 0.10156254888268156 0.2047839210526316 0.16349093575418994 0.260210447368421
1 0.3663063058659218 0.5052508750000001 0.21365275139664805 0.5530921710526316
1 0.4818029923184357 0.6050171052631579 0.40129625 0.7852973684210527
1 0.6623240223463688 0.1388563157894737 0.12075977653631284 0.2053678947368421
1 0.5864615921787709 0.12602088815789472 0.10651675977653632 0.19136546052631578
