1 0.6189043177083333 0.7955200261096605 0.19659657291666666 0.39450825065274153
2 0.6442716979166666 0.40606919060052216 0.09743368749999999 0.21676240208877284
2 0.74891171875 0.39884374673629247 0.11299947916666667 0.2196535509138381
2 0.7898451432291667 0.8576586161879896 0.15335658854166667 0.27890208877284595
2 0.9267708541666667 0.8395953002610966 0.12164795833333333 0.3063577023498694
1 0.23464734635416667 0.7160404699738903 0.132601984375 0.5621383812010444
2 0.15364499739583334 0.33164727154046997 0.08590271354166666 0.17196556135770233
2 0.24733125000000003 0.32080900130548307 0.09224479166666667 0.15896003916449086
2 0.3191088541666666 0.33815078328981724 0.0801375 0.16184986945169713
2 0.10146927864583334 0.7471096605744126 0.167193734375 0.5
2 0.051599393229166665 0.4241329046997389 0.10319872395833334 0.2124278459530026
2 0.2680862239583333 0.10043342036553525 0.04842859375 0.13150391644908616
2 0.3144967083333333 0.10910443864229767 0.053617374999999995 0.11705221932114883
2 0.6509015625 0.15895970626631856 0.07494895833333333 0.12427711488250652
2 0.8535515625 0.40968211488250655 0.10089270833333333 0.21820757180156658
2 0.9688576796875 0.7984102806788511 0.06053568229166666 0.39450842036553524
2 0.9564623307291666 0.5780346866840731 0.08763263020833333 0.25722543080939947
1 0.3606192708333333 0.7109823759791122 0.17353541666666666 0.5722545691906005
1 0.38886902083333336 0.6105492493472585 0.11011720833333333 0.5765893603133159
2 0.7148964921875 0.15317950391644908 0.065724234375 0.1531788511749347
2 0.5015804687500001 0.30780287206266316 0.06918385416666667 0.2716762402088773
2 0.5543329609375001 0.18641618798955614 0.07783154687499999 0.13872832898172324
1 0.5445101901041666 0.734252134464752 0.10576086979166667 0.47112828981723237
