1 0.8512792602739725 0.576284943273906 0.25229992694063924 0.3034819773095624
1 0.9335104200913241 0.3876678606158833 0.13082208219178082 0.17657027552674232
1 0.8578205296803654 0.3888885008103728 0.1158712694063927 0.16086157212317664
1 0.7905402694063928 0.33830809562398706 0.06541078538812785 0.13930277147487843
1 0.8596893424657535 0.33582078606158833 0.08783775342465754 0.12437787682333874
1 0.7559661278538813 0.8267000081037278 0.3177115799086758 0.3432839384116693
1 0.6214057397260274 0.6915421393841167 0.20557756164383562 0.26865640194489465
1 0.7377445205479451 0.4104480794165316 0.12054383561643835 0.18076348460291733
1 0.6078565022831051 0.49253707455429496 0.11680571689497717 0.3018237439222042
1 0.5788887625570777 0.3665007536466775 0.05326357077625571 0.16915408427876824
1 0.49151819178082196 0.36484244732576987 0.08970699543378995 0.15588722852512155
1 0.13269126484018265 0.6185738573743923 0.21492249315068493 0.441127811993517
1 0.2266027077625571 0.3955226337115073 0.09250965296803652 0.1509125931928687
1 0.11914173515981737 0.3888887844408428 0.09251004566210046 0.17081238249594813
1 0.3673860410958904 0.5663580064829822 0.1991274611872146 0.2716048946515397
