1 0.7153217048611111 0.32758598027127006 0.10357603472222221 0.14942483353884092
0 0.66191546875 0.41091942046855734 0.0809190625 0.293103205918619
2 0.5000778645833334 0.293103205918619 0.055024826388888885 0.14367768187422933
2 0.41592235069444444 0.27729879161528975 0.09710252083333333 0.1465516152897657
0 0.8180885173611112 0.40086236744759557 0.1019576875 0.2672419728729963
2 0.7994772152777778 0.5660920900123304 0.18125806944444445 0.32758647348951914
0 0.57695053125 0.43247124537607895 0.15050865972222222 0.27298845869297167
0 0.31801068402777777 0.6867818927250309 0.21524390972222224 0.6206902219482121
0 0.6376397777777778 0.738506029593095 0.19420516666666668 0.5172419482120839
2 0.3123463472222222 0.40086180024660917 0.10033924999999999 0.2787350924784217
0 0.18854080555555555 0.23994259556103575 0.05664338888888889 0.10632196054254008
0 0.13756185069444446 0.3045977065351418 0.08415546527777777 0.17816093711467323
0 0.10357599652777777 0.3563218249075216 0.11652300694444444 0.195403205918619
0 0.2184807361111111 0.3749999506781751 0.11652325 0.2385056473489519
