2 0.37572764646464646 0.6966175742574257 0.10784369696969696 0.41860396039603964
2 0.22604068686868686 0.7320298576732673 0.13458933333333334 0.35623731435643563
2 0.35157046969696965 0.46617319306930693 0.09058835353535354 0.15856202970297031
1 0.3179234696969697 0.38266400371287124 0.06643184848484848 0.1268502103960396
2 0.24372706565656568 0.48837209777227725 0.09921657575757577 0.14376323019801981
2 0.7553376616161616 0.640591844059406 0.1095691212121212 0.4291752227722772
2 0.953338888888889 0.424418353960396 0.07592222222222222 0.12367814356435643
2 0.8869071464646465 0.43604659653465344 0.0690200505050505 0.14270631188118812
2 0.8148676616161616 0.355179801980198 0.06815760606060606 0.09725178217821782
2 0.7432594292929293 0.34302331064356434 0.06988316161616162 0.17441872524752475
2 0.6703566161616161 0.2008458292079208 0.0396869696969697 0.059196955445544555
2 0.6388664696969697 0.1691331930693069 0.04227475757575758 0.05073995049504951
1 0.6164347222222223 0.20031717202970298 0.05435277777777778 0.11522209158415841
1 0.4598456111111111 0.22991549504950493 0.05694110101010101 0.07293881188118811
1 0.23898183838383838 0.3335094863861386 0.055216121212121216 0.0750528094059406
1 0.5720035353535353 0.2573995358910891 0.06556868686868686 0.08985191831683169
2 0.5211008535353536 0.3356238428217822 0.08972556565656566 0.11733647277227723
2 0.611689595959596 0.3123679022277228 0.0638430303030303 0.09830875
2 0.672945005050505 0.3868919430693069 0.06384332323232324 0.11205027227722772
1 0.5750231212121212 0.3942916212871287 0.0836870909090909 0.12896378712871287
2 0.6470623484848484 0.6173360148514851 0.10007950505050506 0.46088737623762377
1 0.43870831818181816 0.2019024566831683 0.0405490202020202 0.0697668688118812
1 0.2206324898989899 0.40714300742574255 0.08071885858585859 0.1417585396039604
1 0.6897015151515151 0.2445057301980198 0.05560707070707071 0.09560487623762376
