2 0.7832899894570374 0.3132180991735537 0.093661454928835 0.15517182998819362
2 0.5978921982076963 0.2729884179456906 0.09494412229836585 0.1321837308146399
2 0.5093629599367422 0.2456898288075561 0.07184972588297313 0.15229920897284535
2 0.4221170189773326 0.3060345690672963 0.08981235108065366 0.20977029515938608
1 0.27200224828676856 0.2873565525383707 0.05645306800210859 0.17241322314049587
2 0.07377413811280971 0.3074715171192444 0.12188767527675277 0.2241384297520661
1 0.22581323141802848 0.33908028335301066 0.10007622561939906 0.23563164108618656
1 0.3124179283078545 0.37643688902007083 0.1398504902477596 0.25862090909090907
2 0.14434088560885608 0.6738505194805195 0.18603936742224564 0.6465516174734357
2 0.6408736056931997 0.5100573494687131 0.17834134949920927 0.34195377804014165
2 0.846799807590933 0.583333388429752 0.17192595150237217 0.3390805667060212
1 0.46445689246178173 0.6954022432113341 0.24377572482867685 0.6034481700118064
