1 0.7300057142857143 0.620622358674464 0.2762869841269841 0.38132253411306044
1 0.4258364920634921 0.6906613255360624 0.2712171746031746 0.45136155945419104
1 0.23953301587301587 0.46011695906432754 0.20024444444444445 0.32101169590643275
1 0.47272920634920634 0.41342425925925924 0.17489714285714286 0.27042828460038987
1 0.8060479619047619 0.3414396881091618 0.1444805841269841 0.2431906627680312
1 0.5303947650793651 0.22762621832358676 0.09505300952380953 0.15953313840155947
1 0.12737079365079365 0.32101168615984405 0.13814349206349205 0.21400781676413255
1 0.057031746031746024 0.24027241715399608 0.10138920634920634 0.16147855750487328
1 0.36310190476190474 0.284046783625731 0.10772634920634921 0.21789863547758284
1 0.4175987301587301 0.17704288499025342 0.07730920634920635 0.13229629629629627
1 0.6489230507936508 0.3631868128654971 0.12241135873015872 0.37472528265107213
