2 0.7970560954174514 0.7227626208378088 0.24332409290646578 0.5311278195488722
2 0.6361664626490898 0.4678989688506982 0.19670536723163842 0.3210119441460795
2 0.9300880696798492 0.4649806605800215 0.13416912115505336 0.2451364232008593
2 0.38658906779661023 0.7519452953813104 0.2706121971123666 0.4883263802363051
2 0.23820710295040806 0.5846305316863587 0.130758223477715 0.2782104726100967
2 0.1290525706214689 0.465953276047261 0.1421283804143126 0.2743190118152524
2 0.43548149403640934 0.45427996777658436 0.15008785938480854 0.2743186895810956
2 0.28823634651600755 0.3424123415682062 0.13075768989328312 0.16731495166487648
2 0.8357146892655367 0.3297665789473684 0.12507281858129315 0.1887160365198711
2 0.7686302856246078 0.28015556928034374 0.09551030131826742 0.11284031149301825
2 0.4883529943502824 0.3219846240601504 0.09892112994350281 0.17315212674543504
