1 0.7204012794612795 0.7500002228915662 0.2294412121212121 0.32490316867469876
1 0.49422237710437705 0.7247080963855421 0.22074177777777776 0.2937741686746988
1 0.5882822929292929 0.45427993373493974 0.1848576363636364 0.2665365180722892
1 0.3582977373737374 0.4357974879518072 0.17072169696969697 0.2684821325301205
1 0.7002841750841751 0.3064204819277109 0.14136161616161616 0.21206265060240964
1 0.5290190134680135 0.3015566265060241 0.1380993468013468 0.1867710843373494
1 0.3914632996632996 0.28210120481927714 0.139186531986532 0.2062265060240964
1 0.5899134915824915 0.20817126506024097 0.10330298316498317 0.16731530120481927
1 0.46975587878787883 0.18287961445783132 0.09569093602693604 0.18677089156626506
1 0.7193139090909091 0.2071983734939759 0.12070147474747475 0.16536951807228914
1 0.8636106127946129 0.13071488554216867 0.1218750707070707 0.15123046987951808
