1 0.6638545238095238 0.3346304331450094 0.15763247823860727 0.19455269303201506
1 0.7262726574500767 0.3278210922787194 0.15763287250384025 0.1926064030131827
1 0.8712096774193547 0.5048635781544256 0.1660957501280082 0.2665364971751412
1 0.7595975422427035 0.5340466101694915 0.2242826420890937 0.2509726930320151
1 0.2279850102406554 0.705252824858757 0.20629726062467998 0.566147834274953
1 0.24596989247311826 0.34630367231638415 0.142821095750128 0.19455273069679851
1 0.17614616231438812 0.32879357815442556 0.21052897593445982 0.2217894915254237
1 0.6136024065540194 0.18579802259887004 0.09098259088581669 0.17315160075329566
1 0.6855419866871479 0.1935797693032015 0.12272043010752688 0.1653696516007533
1 0.8585145929339478 0.1819063088512241 0.09627240143369176 0.1692608286252354
1 0.9293963133640553 0.18579755178907723 0.13012596006144392 0.15758757062146894
1 0.812494367639529 0.11089500941619586 0.09521402969790067 0.12451318267419963
1 0.0761799539170507 0.11195789548022599 0.08733594470046084 0.1535758097928437
1 0.6566145135688685 0.05568596986817326 0.05992407066052228 0.10433804143126177
1 0.7643502329749103 0.053341337099811675 0.0777736763952893 0.09730414312617702
1 0.7774189298515105 0.8604923964218455 0.2250341321044547 0.27432594161958573
