1 0.4523107348342714 0.5499244002123141 0.186271588492808 0.36459918259023355
2 0.5610435897435897 0.6739789861995754 0.18805465916197625 0.2435706900212314
1 0.7499727267041901 0.7072616242038217 0.2344322826766729 0.4039332271762208
1 0.8792211038148844 0.36459896496815286 0.19518425891181987 0.2753401380042463
1 0.1622801407129456 0.5424382112526539 0.18273552845528457 0.42438260084925694
1 0.3918364602876798 0.2299384288747346 0.09636835522201376 0.1574076433121019
2 0.5945731019387117 0.23765432059447983 0.12546015009380862 0.2438271549893843
2 0.4750218886804252 0.31018541932059446 0.16455284552845528 0.32407359872611463
1 0.7018507379612258 0.15972235668789808 0.09636819262038773 0.13425953290870488
1 0.7845819262038773 0.14969155520169852 0.08727642276422765 0.225309033970276
1 0.8536758974358976 0.10416690021231423 0.07818541588492808 0.1712967728237792
1 0.8400389149468418 0.27006173036093417 0.08182196998123827 0.20061728237791931
1 0.5932091932457786 0.42438279723991507 0.15546153846153846 0.27777792993630573
