2 0.3352672814498934 0.6051435692921237 0.1528721748400853 0.48714057826520435
2 0.24346298240938163 0.4251136590229312 0.11647382196162047 0.19667198404785644
2 0.6143196135394456 0.5945536241276173 0.15448977078891257 0.2874431006979063
2 0.22737232409381664 0.309890109670987 0.10340456289978679 0.2065933998005982
2 0.44270045042643924 0.3027472532402791 0.08754129530916845 0.1329670289132602
1 0.5249539099147121 0.32032962113659025 0.08871656183368869 0.15934075772681955
1 0.5954570735607676 0.28516483549351945 0.0793159381663113 0.1285714257228315
2 0.5155535714285714 0.2620881306081755 0.06286513859275053 0.11538505483549352
2 0.33900218816631134 0.21098901296111666 0.06580288379530916 0.11208791625124627
1 0.3912918470149254 0.22142856929212362 0.06697815031982943 0.12637362911266203
2 0.45415719882729205 0.20769225822532403 0.05640244669509595 0.09010980059820538
