2 0.0920613780918728 0.5242057915437561 0.16563696113074203 0.443267866273353
2 0.1893772379269729 0.5476548820058997 0.1902832155477032 0.41452307767944935
2 0.4362928032979977 0.5907714405113078 0.212936183745583 0.2647501376597837
2 0.6107194964664311 0.6679277286135693 0.17216101884570081 0.24357030481809244
2 0.774272714958775 0.7375187512291052 0.23105881036513545 0.34341874139626355
1 0.5989398144876324 0.429651941986234 0.14860211425206124 0.2360058505408063
1 0.892066843345112 0.3910740412979351 0.16763074204946996 0.23449301868239922
2 0.27451423144876325 0.32947547197640115 0.11091500000000001 0.1929015634218289
1 0.3600109599528858 0.45524707964601774 0.1451135335689046 0.35802501474926257
1 0.4163927826855124 0.24999983284169122 0.09705071260306243 0.15123423795476892
1 0.4968057862190813 0.3464508357915438 0.14881088928150765 0.3070983284169125
2 0.7140139369846878 0.2106479842674533 0.09150451707891638 0.17746902654867255
1 0.7925788191990577 0.18209882005899705 0.07671633097762073 0.21296263520157324
1 0.8572788574793875 0.13425914945919373 0.0656248527679623 0.1635800294985251
2 0.7509855388692579 0.36496908062930183 0.1340218551236749 0.18055566371681417
1 0.8498847349823322 0.29243826941986234 0.11183896348645465 0.16512346116027532
