1 0.45607417327293315 0.7130081307189543 0.117628550396376 0.2325203137254902
1 0.7082354445073612 0.7138211699346404 0.15425504530011325 0.2406504705882353
1 0.8216378001132502 0.7186993464052287 0.15143754813137034 0.2764235294117647
1 0.4754439411098528 0.5333333333333333 0.10283691959229899 0.17886274509803923
2 0.10602120045300113 0.5436189934640523 0.08607661381653454 0.15024282352941176
1 0.19034839750849375 0.5234249150326797 0.08817584371460928 0.21647827450980395
2 0.16760437995469987 0.43780307189542483 0.06368251981879955 0.10662392156862746
1 0.2543808040770102 0.41841669934640524 0.06928142695356738 0.13570254901960785
1 0.4006412344280861 0.41276230065359476 0.07767902604756512 0.16639696732026144
1 0.4800696489241223 0.39337622222222224 0.0643827859569649 0.18255213071895424
1 0.7498463844847112 0.5105008823529412 0.10147257644394111 0.21970934640522877
1 0.7022591364665912 0.4046851437908497 0.06648172706681767 0.17285977777777778
2 0.6179321489241223 0.416801045751634 0.0671817497168743 0.10985411764705882
1 0.665169309173273 0.31906328758169933 0.05808380520951302 0.13408780392156863
1 0.8670644875424689 0.4232635424836601 0.09377450169875425 0.2326336993464052
1 0.8016322197055492 0.33279505228758166 0.07347961494903736 0.1098541568627451
1 0.7589439411098529 0.2697899869281046 0.062283125707814274 0.1033925751633987
