2 0.4082111749680715 0.7503779777777777 0.1938894380587484 0.2692884888888889
2 0.6312275223499362 0.7692890222222222 0.2173648786717752 0.27080195555555553
2 0.14867752234993614 0.5514372222222222 0.14085185185185187 0.19213222222222223
2 0.613403585568327 0.5658096166666666 0.1538943103448276 0.21180076666666667
2 0.9194532854406131 0.5537067333333334 0.1538943103448276 0.25718653333333336
2 0.21953831417624523 0.40695910555555553 0.11389910600255429 0.19969734444444445
2 0.8472275670498084 0.43516473888888896 0.11431081736909322 0.16483496666666667
2 0.8330175606641124 0.3379122222222222 0.08589080459770114 0.1483511111111111
2 0.9381708812260536 0.3499998611111111 0.10041711366538952 0.15054916666666665
2 0.6081849808429118 0.42252738333333334 0.14020475095785442 0.1879119
2 0.7518631641123883 0.24285722777777777 0.07515489782886335 0.08351665555555556
2 0.10136424010217114 0.4065936 0.11052183908045977 0.11648391111111112
2 0.17178236270753514 0.3258242166666667 0.07199721583652618 0.13296712222222223
2 0.24125307151979564 0.25109882777777776 0.066944687100894 0.12417567777777778
2 0.32272318007662837 0.2681317666666667 0.0833646232439336 0.1010986888888889
2 0.5150310440613026 0.3285713722222222 0.08399666028097062 0.16263725555555555
