2 0.17378718720152816 0.680933488372093 0.23970642788920726 0.6070037209302326
2 0.24669818529130852 0.2577822046511628 0.1677946513849093 0.30544768372093023
2 0.349963070678128 0.5097277302325581 0.2149538777459408 0.8015566325581395
2 0.5752958452722063 0.6828795162790697 0.21973113658070678 0.4280158511627907
1 0.8304833667621776 0.6964981395348837 0.2646760553963706 0.5719841860465117
2 0.7056361031518625 0.4056420325581395 0.2167344794651385 0.3832684930232558
2 0.5213617478510028 0.14688744186046512 0.11785530085959885 0.2859925581395349
2 0.9346387082139446 0.4737353488372093 0.12741017669531998 0.38716
1 0.846152817574021 0.2560285581395349 0.13398662846227316 0.2624117209302326
1 0.9069563849092646 0.1078013953488372 0.15219099331423114 0.2156027906976744
