2 0.5807718469532358 0.7470819672131148 0.14261407652338215 0.4902725409836065
2 0.7278710439300897 0.746109118852459 0.1444081247047709 0.492218237704918
2 0.6991686348606518 0.48382162909836063 0.11570618800188946 0.15830514344262295
2 0.5848082191780822 0.46692622950819673 0.12198488427019367 0.22957172131147544
2 0.8512552031176193 0.36052156762295084 0.07724635333018422 0.34168047131147544
2 0.8991872933396315 0.48054456967213116 0.09776712328767125 0.4007776639344262
2 0.9505916769012753 0.5904670491803279 0.08644709494567784 0.4221793032786886
2 0.277156117146906 0.7675097336065574 0.15427444496929618 0.45719774590163936
1 0.15561998110533773 0.7675097336065574 0.11570571563533302 0.44941700819672126
2 0.2219938592347662 0.44455253586065574 0.12467548417572036 0.20428017418032787
2 0.3453811195087388 0.638504431352459 0.11290096362777514 0.48323392418032785
1 0.3812017005196032 0.3492218237704918 0.08610675484175721 0.18093340163934427
1 0.4233580538497874 0.2392996926229508 0.08072461029759093 0.1284047131147541
1 0.33635444733112896 0.24519058913934427 0.0699616107699575 0.1292279200819672
1 0.12646934577231933 0.32295747950819675 0.08790042985356636 0.15175102459016393
2 0.05785285781766651 0.564202356557377 0.09417902692489372 0.33852151639344263
1 0.0614407179971658 0.329766393442623 0.07444685876239963 0.15758811475409837
2 0.2952269721303732 0.34749626024590163 0.08115210203117619 0.1517451844262295
