2 0.6019792938388625 0.6399217391304347 0.13737600947867298 0.37573478260869564
2 0.7367952606635072 0.6555772989130435 0.14420189573459716 0.28962818478260866
2 0.5891801587677725 0.4197650815217392 0.1220169336492891 0.2720154891304348
1 0.2859159431279621 0.6360079293478261 0.14491124170616113 0.3561645760869565
2 0.15188125118483412 0.6316211902173913 0.12287009478672986 0.31621188043478266
2 0.3097356137440758 0.3160471630434783 0.08020707582938388 0.18982391304347826
2 0.14164209952606635 0.3003917282608696 0.09897872985781991 0.22113478260869565
1 0.853266 0.32485326086956523 0.06484809478672986 0.38747608695652175
2 0.9479785402843601 0.544031402173913 0.09727251184834124 0.49315108695652177
2 0.3596516587677725 0.6041359728260869 0.11519052132701421 0.6055322282608696
2 0.24147434834123224 0.4217222717391305 0.12287042180094787 0.23679028260869564
1 0.6787729857819905 0.3150684782608696 0.09641895734597156 0.1996086956521739
1 0.7060777251184834 0.4481409402173913 0.11007109004739336 0.22309190217391306
1 0.42108672985781986 0.2161654891304348 0.06911469194312796 0.15835923913043476
1 0.04864099526066351 0.4373999293478261 0.08748388625592417 0.19101072826086957
1 0.39752606635071086 0.31300163043478263 0.07838578199052133 0.20866847826086957
1 0.34293626066350713 0.21990351086956525 0.05738934597156398 0.14767282608695653
1 0.5812420142180095 0.31300175 0.0930827962085308 0.19582693478260868
