1 0.32887946534308604 0.6681142753623188 0.4258926819923372 0.6488836339237789
1 0.843734641239986 0.7152606011808911 0.3107647823058168 0.5570719269994633
1 0.7052590734935562 0.40198511003757376 0.2898326715430164 0.36972704240472354
1 0.9037138627655869 0.3095534084809447 0.18275548589341695 0.28411916264090176
1 0.49150766283524905 0.35297772141706923 0.2181793800069662 0.32878422436929683
1 0.8252176523859281 0.17741922973698335 0.11271256008359457 0.13895756843800322
1 0.7080769209334726 0.2692308105206656 0.22623047021943576 0.2630273752012882
1 0.6621868007662836 0.15818848094471286 0.13122974921630093 0.16501219538378958
1 0.5329698711250436 0.16004974503488997 0.12237373737373737 0.1563277777777778
1 0.4762110762800418 0.13399490069779924 0.09902612330198536 0.15136500268384326
1 0.3208285005224661 0.15136485507246375 0.12478901079763148 0.1563277241009125
1 0.33532009752699404 0.2127792646269458 0.15216231278300243 0.19478929683306495
1 0.4472277081156391 0.22270466183574877 0.18919627307558343 0.20471474503488998
1 0.08292422152560083 0.2481390874932904 0.15618769766631835 0.21339976382179282
1 0.1992598780912574 0.3213399624261943 0.26165439916405436 0.3151365002683843
1 0.1425010449320794 0.41811401234567896 0.2817816091954023 0.3722087010198604
