2 0.36420556353591155 0.21343098726114648 0.09400710497237569 0.16888324840764332
2 0.26097081215469614 0.15425521656050956 0.057096497237569065 0.13031935031847133
2 0.4579243273480663 0.2639626433121019 0.12342047790055248 0.21409598726114648
2 0.6433433701657459 0.21409580573248405 0.07093812154696133 0.1648937388535032
2 0.28490511049723755 0.27726076114649684 0.11765331491712706 0.25664917834394907
2 0.9247879806629834 0.33909570382165605 0.134378182320442 0.218085025477707
2 0.8567337872928176 0.5877661146496815 0.11476944198895027 0.7845747770700637
2 0.6920772099447514 0.3051863057324841 0.11649972375690608 0.18484012738853503
2 0.7465781892265193 0.6396276114649682 0.16782870441988948 0.712766050955414
2 0.5721171270718232 0.49202131847133757 0.1730193370165746 0.3803190700636943
2 0.3624754143646409 0.550531949044586 0.2381900552486188 0.4521275923566879
2 0.1960885151933702 0.5904254585987261 0.19839543922651934 0.8164892101910828
2 0.3122998093922652 0.16688821656050956 0.05594292265193371 0.1662235668789809
