1 0.7291608043197936 0.20161296605453533 0.10996699871050936 0.34615414579855314
1 0.8596118665377177 0.41749389259877573 0.17105996776273372 0.5173695325542571
1 0.662677474210187 0.3021093489148581 0.13799775950999355 0.3858558708959377
1 0.5390543197936815 0.44602981079577075 0.17824725983236622 0.5545905063995549
1 0.4923362346872985 0.22704702281580413 0.0948736299161831 0.26054590984974957
1 0.26449604287556416 0.2959058291597106 0.10349856544165055 0.3263029771841959
1 0.18830963894261768 0.15942928770172507 0.08624854932301741 0.2444168836950473
2 0.309417109929078 0.6550868113522538 0.30402651515151513 0.6848636616583195
1 0.14949769019987105 0.527295244852532 0.240058778207608 0.47642688369504727
2 0.7492853852353321 0.7127790456316083 0.3385259413281754 0.5645163550361714
