1 0.7380997008086253 0.2611181402257873 0.06744049056603774 0.1207116221033868
1 0.794588409703504 0.2083864022578728 0.046689487870619946 0.09402770647653
1 0.8202389312668463 0.27128342245989306 0.05648871428571428 0.1385002970885324
1 0.8369548517520216 0.37484112596553776 0.09337924528301887 0.15501915032679736
1 0.7444402964959568 0.3557814081996435 0.08127466307277628 0.15247784907902556
1 0.7545276280323451 0.4930115240641711 0.10490754716981132 0.18043184194890077
1 0.8807625336927224 0.5324016072489601 0.1222 0.18297314913844326
1 0.9427271536388141 0.7846250683303625 0.11355377897574123 0.3392632085561497
1 0.8038110512129379 0.7611179441473559 0.13430485175202156 0.350698752228164
1 0.5357780323450134 0.747776292335116 0.14352749326145553 0.49936482471776594
1 0.6233931266846362 0.1759848484848485 0.05591239892183288 0.10800534759358288
1 0.6026421832884097 0.24205852644087938 0.06513504043126685 0.10546345811051694
1 0.5804501576819406 0.3189326203208556 0.06225287601078167 0.14993654188948308
1 0.5412539851752022 0.22808140225787285 0.04957181401617251 0.12833511586452762
1 0.5530704380053908 0.4282084848484848 0.07205192722371968 0.17280793820558527
1 0.4689138814016172 0.4212199197860963 0.07205202156334231 0.1740785799168152
1 0.40747584636118594 0.7214554545454546 0.09809035579514824 0.550916256684492
1 0.18474105795148246 0.6060991948900772 0.10087260107816712 0.3557812774806893
1 0.08963261455525606 0.5616263695781343 0.14006900269541778 0.31512083184789064
1 0.470354986522911 0.11499378490790255 0.03227924528301887 0.10038091503267974
1 0.3553599541778975 0.1994917201426025 0.05475933692722372 0.10419318478906715
1 0.3602594339622642 0.2833546256684492 0.06571132075471697 0.12198197860962567
1 0.29253072776280326 0.2662008318478907 0.06513477088948787 0.13087700534759358
1 0.29800664150943396 0.44599756684491976 0.0818508679245283 0.35578122994652406
1 0.22768405660377358 0.34116895721925133 0.08530951482479783 0.16391367201426027
1 0.3029061994609164 0.1321473826500297 0.05245390835579515 0.08640409387997623
1 0.2590986522911051 0.1289708853238265 0.05245363881401618 0.08767439096850863
1 0.25736940700808625 0.17407877896613191 0.054759299191374664 0.09911054664289959
1 0.20981515633423184 0.16454901960784316 0.05418303504043127 0.08513309566250743
1 0.20001617250673856 0.22617557932263815 0.06686415094339623 0.12452346999405824
1 0.15159730458221027 0.20965715983363042 0.06225283018867925 0.11689958407605466
1 0.10173727223719677 0.29542572786690435 0.10087262533692722 0.16391384432560904
1 0.7693658274932614 0.14197530897207367 0.039203353099730456 0.10185185383244208
1 0.7179114258760108 0.14583346405228756 0.051104371967654987 0.09104964943553179
1 0.5803497735849056 0.13348774806892452 0.025202156334231805 0.09104931669637552
1 0.3948337371967655 0.14197504456327986 0.037803145552560646 0.1111111111111111
1 0.3409291105121294 0.10339483065953656 0.03640323450134771 0.08950623885918005
1 0.5017680768194069 0.2725674658348188 0.063285948787062 0.21688170528817588
