2 0.5525911312849162 0.7239455002675227 0.49631983240223465 0.5471462172284643
2 0.8554029329608938 0.4491313536650616 0.2841899441340782 0.42679882289994653
2 0.9379879539106145 0.10483866238630285 0.12225803072625697 0.14268
1 0.7477184514664805 0.1842431942215088 0.1821727339385475 0.264268025682183
2 0.5736422346368716 0.1854836811128946 0.19026920391061453 0.20223327982878544
1 0.604004436103352 0.2710918887105404 0.25099392108938545 0.2915631246655966
2 0.3720375349162011 0.4026054360620653 0.30685998603351955 0.3511165757089353
2 0.36191689944134076 0.2661289941144997 0.17002793296089386 0.21960289994649546
2 0.2562566340782123 0.16563269127875868 0.15302513966480447 0.21464044943820226
2 0.15181070705307262 0.17990086677367578 0.11740023393854748 0.1588086891385768
2 0.055461592178770946 0.2382134831460674 0.10930377094972067 0.19602996254681648
