2 0.3295366833524027 0.1414634150030248 0.06400443649885584 0.10243902601330912
2 0.4843584239130435 0.14146354809437386 0.055355234553775744 0.12439050816696916
2 0.5359656407322654 0.15426830006049605 0.045552700228832954 0.09878100423472475
1 0.6991483123569794 0.20243900181488203 0.04901229977116705 0.15609760435571687
2 0.35173641304347825 0.19939009679370842 0.09687156750572083 0.14024419842710223
2 0.45177960526315786 0.2518291439806412 0.1089808352402746 0.19390269207501512
2 0.6659927760297483 0.24878050211736238 0.12224270881006864 0.23658539624924382
2 0.9300835140160183 0.31341461282516636 0.13377519164759724 0.22195117362371447
2 0.8378247969107552 0.4999998971566848 0.1072508638443936 0.6609754022988505
2 0.7354752131006865 0.6182926315789474 0.1793279433638444 0.7560976648517846
1 0.5745990474828375 0.30182937084089534 0.14473096681922198 0.2353660617059891
2 0.5523992233981693 0.654878003629764 0.18567066075514876 0.6878047912885662
2 0.3468352331235698 0.6542683000604961 0.276199631006865 0.6817078039927406
2 0.03892168335240275 0.1993901996370236 0.0732304319221968 0.13780520266182697
2 0.07524856979405035 0.21768307320024197 0.12051315789473685 0.20609785843920145
1 0.1732734625286041 0.5780487810042347 0.20700556922196794 0.8414634180278282
