1 0.6017502557898375 0.4844912896825397 0.2697500933287245 0.5074442195767196
1 0.77131662633944 0.7512408101851852 0.4480705150362945 0.49007421296296294
1 0.39911340822675423 0.3926797883597884 0.20425780159004495 0.44044687830687834
1 0.8663128240580712 0.2065756382275132 0.20231247839612856 0.2965259722222222
1 0.7048519270653301 0.15632738095238097 0.13487495679225717 0.22084391534391534
1 0.5505236052540615 0.16253075396825398 0.1387658416868303 0.30024801587301586
1 0.5761368821292775 0.09429265873015874 0.1160705150362945 0.151364417989418
1 0.3339454752851711 0.22704702711640215 0.19971881092291738 0.282878167989418
1 0.39327756653992396 0.11042195767195769 0.11736743864500518 0.21339947089947092
2 0.2457578638091946 0.6718359788359789 0.3436719668164535 0.6464021164021164
