1 0.07260878186968837 0.2464623188405797 0.0829813031161473 0.21226376811594203
2 0.34229852266288946 0.16981132173913044 0.05301598583569405 0.11320754782608695
2 0.37456912181303115 0.21933957391304348 0.08874390934844194 0.1509434956521739
2 0.49154985835694054 0.1709905043478261 0.06454107648725213 0.13679232463768115
2 0.5448539560906516 0.18101402898550722 0.05013454107648725 0.10731107246376813
2 0.713409992917847 0.24233490724637682 0.05071089235127478 0.14504717101449274
2 0.810798016997167 0.24764160000000005 0.08182889518413597 0.1438681043478261
1 0.6719192337110481 0.27948125507246374 0.117557 0.22169835942028984
2 0.46648261331444757 0.2883255072463768 0.10545573654390936 0.17334898550724637
2 0.29360450991501413 0.27594346666666664 0.1215908895184136 0.24528287536231883
2 0.942473328611898 0.3496463768115942 0.11237062322946176 0.17570782608695654
2 0.8514242818696884 0.5807783623188406 0.13542112464589234 0.6521225217391304
2 0.7456805949008499 0.6226415101449275 0.18325070821529746 0.745283020289855
2 0.573378895184136 0.6680425507246377 0.18325070821529746 0.6615564057971014
2 0.3633320155807365 0.5566038173913044 0.2552832776203966 0.4245282144927536
2 0.18555566572237958 0.6191037101449275 0.2293515580736544 0.7594340869565217
