2 0.7290997152209492 0.23138955062263128 0.12451694271685762 0.2642680021656741
1 0.6117085859247136 0.16191065782349756 0.0982633518821604 0.22704711965349214
1 0.3285448625204582 0.14205951001624256 0.07350994762684124 0.23200983757444504
1 0.5246968019639934 0.4820100162425555 0.20627805564648116 0.5471461829994586
1 0.40017963829787234 0.3232010422306443 0.14626985597381342 0.3660050622631294
1 0.251659410801964 0.323821245262588 0.13576857610474632 0.2853596101786681
1 0.18302497381342062 0.19354848673524636 0.07951077250409165 0.2456577639415268
1 0.6507139328968904 0.3436725446670276 0.14927045826513913 0.3895782349756362
2 0.13314327332242223 0.5614145262587981 0.26478605564648117 0.49503695722793717
2 0.30566674140752864 0.6836226312939903 0.32029387561374795 0.6253102328099621
2 0.742976549918167 0.6805211153221441 0.3307951816693944 0.6315132647536545
1 0.875744844517185 0.45037222523010284 0.13576857610474632 0.39454087709799673
