2 0.12856843133223683 0.2251863391252247 0.12260820312500001 0.1724565608148592
2 0.17752693256578947 0.2673696824445776 0.14559745065789476 0.18486399041342122
2 0.4282779111842105 0.27295284301977235 0.15666621710526316 0.26302731575793886
1 0.5981417393092104 0.17679913720790894 0.09961948190789473 0.15508659077291792
1 0.7007410361842105 0.2717124026363092 0.14474605263157894 0.2034739364889155
2 0.47936484375 0.1836227411623727 0.0578982730263158 0.166253271420012
2 0.07067017886513156 0.1786599041342121 0.08514483963815789 0.13151393648891552
2 0.29672944284539476 0.6129032354703415 0.3141842064144737 0.7741935290593169
2 0.8514471628289474 0.649503762732175 0.29460074013157894 0.696029694427801
1 0.5760040583881579 0.6656327142001197 0.36697379111842104 0.6687345715997604
