2 0.7403641183035715 0.42245653153153157 0.2657126116071428 0.4280397897897898
2 0.9415217592075893 0.3269231801801802 0.11470034319196429 0.32382113513513516
2 0.9297058105468751 0.21712145345345343 0.08299923270089285 0.18362255855855855
2 0.8389254813058036 0.23449127627627628 0.09856142578125 0.2133994294294294
1 0.610389638671875 0.21153843843843845 0.0922212806919643 0.23945405405405404
2 0.5155746847098214 0.37406945945945946 0.16657459263392857 0.36104222222222226
2 0.41787767159598216 0.2921835195195195 0.13487356305803572 0.17741914714714713
1 0.33142020507812503 0.22332510510510512 0.10835992466517856 0.22828792792792793
2 0.3002955817522321 0.17121602402402403 0.05418004185267857 0.12158837237237237
2 0.2415045228794643 0.3827544204204204 0.20058135602678573 0.3138956276276276
2 0.36168036132812503 0.704094147147147 0.41441941127232146 0.5868483423423423
2 0.12276959960937499 0.24689816516516516 0.16254004185267856 0.2828786126126126
2 0.6821545424107143 0.23418674774774773 0.13433196428571428 0.22740963963963964
