1 0.9445832280182845 0.7952443341553637 0.11004300887335305 0.3408191245376079
1 0.8077496638881421 0.7635404161528977 0.13136004302231782 0.3645973427866831
1 0.7645391234202742 0.47886408754623927 0.09794407098682442 0.19682928483353884
1 0.8953231460069911 0.5264202096177558 0.11753278838397418 0.18097728729963009
1 0.7509998655552568 0.3342141368680641 0.09045415434256521 0.17173078914919854
1 0.8192725194944878 0.2536328606658446 0.058766603925786504 0.14531011097410604
1 0.7161432871739715 0.12351387176325523 0.055309553643452546 0.08058138101109741
1 0.7720289056197902 0.12945841553637485 0.047243613874697506 0.1083223797780518
1 0.7129744554987899 0.16908845869297165 0.05703791341758537 0.10039639950678175
1 0.7855682508738909 0.190224509864365 0.05473335574079053 0.08718638101109742
1 0.7440861185802635 0.23447813810110973 0.07432219144931433 0.14398956843403207
1 0.625689029308954 0.15191553637484587 0.06452783006184458 0.11096424167694205
1 0.5692273460607691 0.14332889334155363 0.03687308416240925 0.11228540690505548
1 0.5418605808012906 0.2073976572133169 0.05473326162947029 0.14002589395807646
1 0.610133369185265 0.221928803945746 0.05185264856144125 0.11360606658446362
1 0.5821905082011294 0.30052830764488286 0.06279940844312987 0.1492736313193588
1 0.5185269360043022 0.3031704192355117 0.0668323070717935 0.15191543773119603
1 0.5551118876041946 0.42668434340320593 0.0962155902124227 0.15852035141800244
1 0.47329988572196824 0.40158508014796546 0.06971297391771981 0.2007928483353884
1 0.41021239042753427 0.5970938995067817 0.11522822264049475 0.22721245992601727
1 0.5202553105673569 0.6122854531442664 0.09679187953751008 0.2892996362515413
1 0.47819707851573 0.09445176325524045 0.048395770368378596 0.08586530209617756
1 0.44420472573272385 0.132760761405672 0.040329860177467064 0.0937915598027127
1 0.3943685332078516 0.11955086313193587 0.038601465447700996 0.09907583230579531
1 0.41021242269427266 0.18361960542540076 0.046091422425383166 0.12945869297163995
1 0.3540385856413014 0.17767508323057954 0.05473326162947029 0.10700121454993834
1 0.37391555660123693 0.25825629778051784 0.06567999731110513 0.12549533292231813
1 0.30218598682441516 0.34478213316892725 0.07201757730572735 0.16908831072749692
1 0.23506558617908038 0.32430657829839704 0.07259366227480504 0.16776728729963009
1 0.19588797526216725 0.5039631596794082 0.10600988437752085 0.23117539457459926
1 0.09362291476203281 0.5013209401972873 0.13769770368378595 0.19154570283600494
1 0.104569614143587 0.2859972718865598 0.08699725463834365 0.15191562885326756
1 0.057902258671685934 0.2542933908754624 0.0697130949179887 0.13870515413070283
