1 0.07349173593793294 0.19629621068249256 0.08934293433083956 0.18518501483679525
1 0.23402056525353285 0.2179966409495549 0.07377987254087005 0.20211021958456973
1 0.3363325450263231 0.1530863709198813 0.04092482405098365 0.1654320059347181
1 0.3859032973122749 0.16913590504451037 0.09280133000831256 0.19259228486646882
1 0.5066602867830424 0.135452646884273 0.061098933222499305 0.1389712640949555
1 0.704367327514547 0.20123462017804153 0.0530292684954281 0.13580256973293767
1 0.47236422970351905 0.2351851869436202 0.10894070102521473 0.20370370326409495
1 0.5971559933499584 0.2808640949554896 0.15332392352452204 0.2580249258160237
1 0.29713700609587146 0.241357881305638 0.09510697977279024 0.26790151928783384
1 0.20692950540315877 0.5932099495548961 0.19828341091715157 0.7888887418397627
2 0.937235047104461 0.31358018100890206 0.1256562565807703 0.20493840356083087
2 0.8550972568578554 0.5567899109792285 0.17349792186201163 0.7308640949554897
2 0.765178157384317 0.5666667151335312 0.2000127625380992 0.804938178041543
1 0.5896626697146025 0.44629629376854596 0.20750591576614022 0.38395061721068247
1 0.4115533818232197 0.5907407359050445 0.2755218370739817 0.7913580296735906
