0 0.22355930807248764 0.3463085106382978 0.18333772652388797 0.36778486997635934
0 0.3540469522240527 0.14429550827423168 0.08699176276771005 0.23221513002364066
0 0.5065168080724877 0.17919503546099289 0.08886259472817133 0.23758392434988182
0 0.9396050247116968 0.29127499408983454 0.09073393739703459 0.19060367612293144
0 0.6117487108731465 0.288590768321513 0.13843832784184515 0.20671108747044917
0 0.6449555189456343 0.18590589243498817 0.08137891268533773 0.13288561465721038
2 0.5342215815485997 0.7148435638297872 0.2844645799011532 0.56249963356974
2 0.6608013550247117 0.46191382387706853 0.1646900247116969 0.22851514184397165
2 0.4021972693574959 0.3740234338061466 0.20279985996705108 0.18164062647754137
2 0.9003504077429982 0.48437500591016547 0.1973557248764415 0.44531249408983453
2 0.8336576276771005 0.24218735224586288 0.08574734761120263 0.1406252955082742
1 0.41784967051070837 0.25 0.13882948929159802 0.15625
