0 0.7356305036984854 0.14362420584498095 0.04390700951039098 0.1744961880559085
0 0.7438166607960549 0.20268456162642945 0.05879077139837972 0.19865756035578144
0 0.9581430010567101 0.18657719186785263 0.04390699542092286 0.24966391359593393
2 0.40048977809087705 0.5437423697585769 0.13944735470235997 0.29040090216010167
2 0.265421268052131 0.6786148157560355 0.1374262416343783 0.4872417789072427
2 0.20917073441352588 0.42284334815756036 0.1138480345191969 0.14823833545108006
2 0.29539912997534346 0.3669502064803049 0.0801654596688975 0.13365740152477762
2 0.07039726664318421 0.394896791613723 0.12327942233180697 0.13365749682337993
2 0.11822697604790419 0.2831105336721728 0.09633312081718916 0.08991550190597204
1 0.8612718862275449 0.2843256162642948 0.10711178231771751 0.11907650571791614
1 0.9463497833744275 0.45486499364675986 0.10529444522719267 0.3751467598475222
1 0.7708590683339204 0.2801874205844981 0.08839528355054596 0.10316518424396443
1 0.6372911465304685 0.1928487706480305 0.07214622402254314 0.11371629606099111
2 0.14364247974638958 0.2526378653113088 0.04679746389573794 0.07620203303684879
