0 0.9408253477588873 0.29932905982905983 0.07184853168469861 0.15033547008547007
0 0.6378972604327666 0.2946308066239316 0.1301036398763524 0.18120819444444444
0 0.2577805255023184 0.34295299145299146 0.17185316846986087 0.32348931623931626
0 0.17622272797527047 0.6476507905982906 0.2592367387944359 0.3852353418803419
0 0.08155757341576507 0.23892628205128205 0.137870942812983 0.20939529914529914
0 0.179620942812983 0.19328846153846155 0.0970919629057187 0.14496581196581196
1 0.8878571947449769 0.47744383547008545 0.18491360123647604 0.39473638888888885
2 0.6662328361669242 0.45488721688034195 0.15228174652241114 0.19172932692307693
2 0.5506616460587327 0.6964283653846155 0.26921210200927354 0.5695484401709402
2 0.4412094319938177 0.36654166666666665 0.1726769629057187 0.16165384615384615
2 0.828032457496136 0.24342107905982907 0.07614064914992272 0.12593989316239315
2 0.07478091190108191 0.33928549679487174 0.14684312210200925 0.19360945512820513
