0 0.7564741836734694 0.7571023612139156 0.19348166180758017 0.4659092672094744
1 0.5800717037172012 0.8176795891931902 0.2053711698250729 0.3535912287194671
1 0.9221304336734694 0.22237579200592156 0.07072382653061225 0.14640903774981495
1 0.8609270663265306 0.24447514063656553 0.07616408892128279 0.1906077350111029
1 0.6229141909620991 0.29696122131754255 0.0979252915451895 0.23480642487046632
1 0.7888431523323616 0.341160251665433 0.08704474489795917 0.15193412287194671
2 0.7174393403790087 0.36187829385640263 0.1101658527696793 0.20441957809030345
1 0.45585463921282793 0.6585660473723167 0.17707739067055392 0.46172504811250925
1 0.03679141763848396 0.32746046632124354 0.07238636297376093 0.2952611547002221
1 0.9197854318513121 0.4325637897853442 0.0963157616618076 0.23086269430051815
2 0.8524841472303207 0.4532200777202072 0.14357616618075802 0.28675547742413027
