0 0.1868701584507042 0.3067110849056604 0.28155721830985914 0.3261745283018868
0 0.13526806778169018 0.6637583785377359 0.24849212147887326 0.6536912853773584
0 0.3286509683098591 0.18523525943396227 0.1523019366197183 0.31140919811320755
0 0.5090082702464789 0.44228190448113214 0.1903774559859155 0.24295295990566038
0 0.9173175308098591 0.21744946344339622 0.07114134683098591 0.14765060141509434
2 0.6975294894366197 0.2122037146226415 0.13053257042253522 0.1366114386792453
2 0.7233638600352111 0.7641165035377357 0.38071782570422535 0.4608377476415094
2 0.820582979753521 0.25865209316037735 0.0938199559859155 0.16029145047169813
2 0.8824495510563379 0.5919854304245283 0.2311500528169014 0.2622950825471698
1 0.8702121654929579 0.38069229363207546 0.18220066901408452 0.20036454009433963
1 0.06388380281690141 0.32121940448113206 0.12776760563380282 0.182884304245283
