0 0.6988882848123464 0.5710726198749131 0.13782637670992634 0.24937665045170257
0 0.8206666082076464 0.5916460076441974 0.11328200631357419 0.19077330785267546
0 0.2983097895475272 0.4220698575399583 0.07678022448263767 0.18329183460736623
0 0.3203368993335672 0.34039882904795 0.05538232199228341 0.14463806115357888
0 0.2164947386881796 0.33790515635858237 0.06419326552086986 0.1471320083391244
1 0.9061287267625395 0.5767791834607366 0.08821851981760785 0.2621719735927728
1 0.3238875833041038 0.6579276476719944 0.12098526832690283 0.2671659277275886
1 0.17454647492108033 0.8083646629603892 0.14240968081374955 0.3807738012508686
1 0.29773702735882146 0.8370786553161917 0.15438213609259907 0.3208489437109104
2 0.11531392493861803 0.649188637943016 0.0970403367239565 0.2147318276580959
2 0.2265320940021045 0.6273407678943711 0.1102728867064188 0.2659174913134121
2 0.04852016836197825 0.7846443293954135 0.09577972641178534 0.3632956080611536
2 0.74828095405121 0.4269661813759555 0.09767029112592074 0.1872656914523975
1 0.6219614819361627 0.3410493537178596 0.061534068747807785 0.17283944405837387
