0 0.24954791338582677 0.7523832218309858 0.12414043307086614 0.4089980633802817
0 0.17100975393700785 0.8209969718309859 0.16805494094488188 0.34290028169014086
0 0.8685617618110236 0.8844411267605633 0.2001441929133858 0.21299098591549295
0 0.9002312992125984 0.7666161971830987 0.17396653543307086 0.21903521126760564
0 0.7350784645669292 0.33559140845070423 0.07020133858267717 0.292563661971831
0 0.9637163877952756 0.38195991197183105 0.05727513779527559 0.33630292253521127
0 0.6263078149606298 0.23187286971830987 0.06019043307086614 0.3217527816901409
0 0.2560028248031496 0.35498591549295777 0.0706951377952756 0.16314084507042254
0 0.4222470472440945 0.4885132570422535 0.09120669291338582 0.3637307394366197
0 0.34786910433070867 0.6084790669014084 0.09808462598425197 0.41333137323943664
0 0.546463877952756 0.5266612500000001 0.1048696062992126 0.49652961267605633
0 0.3300386318897638 0.3092054577464789 0.07969832677165355 0.1640679577464789
0 0.4028238188976378 0.22054401408450705 0.10471850393700788 0.22658802816901408
0 0.06291437007874015 0.5362533274647887 0.07853740157480314 0.1782468661971831
0 0.5751391929133858 0.3397573767605634 0.10728437007874016 0.30489503521126765
0 0.6874615452755906 0.42371477112676054 0.07880525590551181 0.23051411971830985
0 0.9322221358267717 0.5812599647887324 0.11774470472440944 0.18739556338028168
