0 0.5725959599528857 0.3778276779359431 0.1767208480565371 0.5173446441281139
0 0.6344982332155477 0.1425346975088968 0.11282214369846878 0.2458523131672598
0 0.13279036513545348 0.32051250889679717 0.13578558303886926 0.23981839857651246
1 0.22537396937573617 0.44941612099644124 0.21549941107184925 0.24513572953736654
2 0.34729055948174326 0.6115431049822064 0.2172171613663133 0.2892340747330961
2 0.6155924617196701 0.8333327402135231 0.26615547703180215 0.3229572953736655
1 0.9049298233215547 0.5376129893238435 0.16827934040047113 0.5019448398576513
1 0.7495292697290931 0.3904018683274021 0.16827879858657244 0.26199697508896796
1 0.9366967020023557 0.19325584519572955 0.11676442873969375 0.16861286476868328
2 0.42627856301531214 0.18417632562277578 0.11247232037691403 0.13748364768683274
1 0.165763050647821 0.21144262455516016 0.11197213191990578 0.1674955338078292
1 0.04888987043580683 0.28722191281138787 0.0993321554770318 0.18757396797153023
1 0.2545386042402827 0.10551008896797154 0.09778027090694935 0.1219228825622776
1 0.21922911660777383 0.2655333451957295 0.10321206124852768 0.1606094661921708
