0 0.07701466727438469 0.4932024190938511 0.09616209662716499 0.2401812783171521
0 0.1370092160437557 0.38595226537216826 0.09190681859617138 0.10725080906148868
0 0.192323322698268 0.4123863511326861 0.09701242479489516 0.12688749190938511
0 0.319120774840474 0.44033252427184466 0.10041660893345487 0.16465210355987053
0 0.6535592525068368 0.298069069579288 0.05956882406563354 0.2014449352750809
0 0.8475852324521421 0.39199382686084144 0.12084047402005471 0.14350425566343042
1 0.5607434867821331 0.7360445792880258 0.1514464813126709 0.508010355987055
1 0.716106645396536 0.7559133656957928 0.17103010027347312 0.4782230097087378
1 0.3995052324521422 0.574160137540453 0.09922351868732908 0.3673237378640777
1 0.8101075660893345 0.5330244255663431 0.11097356426618049 0.1923524433656958
1 0.5800009115770283 0.38412540453074434 0.08682041932543301 0.1865582524271845
1 0.28298281221513216 0.6888758414239483 0.13382106654512307 0.45307032362459543
1 0.24057008204193253 0.35157546116504856 0.07193731996353692 0.10945273462783171
1 0.2984937010027347 0.35737976537216826 0.05885762989972653 0.11111111650485436
1 0.3713655970829535 0.32918758090614886 0.07193748404740201 0.12106173139158576
1 0.4895485095715588 0.27031529935275084 0.054186481312670925 0.07960241100323626
1 0.20506854603463992 0.621890776699029 0.11304462169553328 0.4046423948220065
1 0.5049635597082953 0.3980101132686084 0.09435911577028258 0.1426205501618123
1 0.7268487146763901 0.426202071197411 0.07287139471285324 0.15256996763754047
