0 0.2521673042505593 0.41127702802359883 0.08426494407158837 0.13267013274336284
1 0.12625055928411635 0.8376316519174042 0.24716554809843402 0.32004643067846605
1 0.08401875279642057 0.6201641297935103 0.1627029865771812 0.2837045722713864
1 0.3120684675615212 0.553927308259587 0.13514140939597316 0.19577960176991152
1 0.7663909395973154 0.8329424778761062 0.3271823266219239 0.33176991150442475
1 0.5121127964205816 0.8112540486725665 0.24538738255033557 0.3704565044247788
1 0.333851062639821 0.7092611209439528 0.23738512304250559 0.27901463126843656
1 0.6761486577181208 0.667643407079646 0.1591456375838926 0.23094917404129794
1 0.6894854306487695 0.5363423156342183 0.12002690156599553 0.1230949557522124
1 0.49255317673378074 0.5199298008849558 0.12091601789709173 0.16295455752212387
