0 0.538382049180328 0.23963515497553015 0.04907014571948998 0.1509121044045677
1 0.9165399681238616 0.7209738988580751 0.16170148451730418 0.5181011419249593
2 0.432829781420765 0.6392014681892333 0.12824571948998179 0.41947634584013055
1 0.1499876320582878 0.582918735725938 0.1055472131147541 0.34991707993474713
1 0.09675137067395263 0.38308489396411094 0.0861040892531876 0.12935386623164763
1 0.203687204007286 0.33499155791190866 0.059254189435336974 0.10945244698205547
1 0.32265884335154826 0.3009952283849918 0.05832861566484517 0.10116125611745515
1 0.6143014571948998 0.3076288743882545 0.04166302367941713 0.10447797716150081
1 0.6318929872495446 0.363184339314845 0.07129052823315118 0.12935399673735726
2 0.5985620810564664 0.5339967455138662 0.0953621766848816 0.29519084828711256
2 0.4911638524590164 0.42786031810766717 0.06388326047358835 0.15256973898858076
1 0.9059446220400729 0.36567168841761827 0.05647687613843351 0.1376452039151713
1 0.8503935291438981 0.434494290375204 0.10462095628415301 0.17246982055464927
1 0.42126189435336975 0.3366500815660685 0.07777151183970855 0.11608646003262643
