0 0.4382626094890511 0.6467663947797716 0.09924677007299271 0.5174133768352366
2 0.9196090054744525 0.6928837683523654 0.15920352189781023 0.4794004893964111
2 0.5328716833941605 0.6782753752039152 0.11594249087591241 0.4610283686786297
1 0.597528193430657 0.42596825448613373 0.09937609489051095 0.14578616639477976
1 0.9529867700729927 0.3211845106035889 0.07644251824817519 0.10933939641109297
1 0.21595098540145985 0.4954441924959217 0.09555343065693431 0.17995445350734093
1 0.3223202554744526 0.4137650897226754 0.08626094890510949 0.13101141924959217
1 0.2708415921532847 0.41127719412724306 0.05936243613138686 0.09618623164763458
1 0.37426277372262773 0.3432839804241436 0.060290145985401465 0.10613676998368679
1 0.42388570255474456 0.3416247960848287 0.08162359489051095 0.11940293637846656
1 0.8537130656934306 0.4279013050570962 0.09704284671532847 0.1805399673735726
1 0.9064960994525547 0.35931995106035886 0.058356341240875916 0.15357543230016313
