0 0.46696755027422304 0.24295190983606554 0.04623491773308958 0.12437811475409835
2 0.39902408592321753 0.6473162049180328 0.1639810786106033 0.4756561147540984
2 0.0883078016453382 0.40049774590163933 0.07489993601462522 0.0912110655737705
1 0.15580986745886652 0.38805978688524595 0.07120108775137111 0.10613616393442622
2 0.14517589579524678 0.5845768524590164 0.10541420475319926 0.3366495737704918
1 0.3282640173674589 0.40796036065573776 0.08322150822669104 0.10945304918032787
1 0.42212002742230353 0.33996659836065574 0.06750217550274223 0.12271926229508197
1 0.49840670475319926 0.41210590163934424 0.0906196252285192 0.13101114754098359
2 0.6047461014625228 0.42951906557377045 0.09246843692870202 0.11940298360655738
2 0.890936873857404 0.6542284918032787 0.16551908592321754 0.47595285245901636
2 0.9662987705667275 0.41791046721311476 0.0647278702010969 0.15588726229508196
1 0.9524282449725777 0.3192373770491803 0.06842687385740402 0.10116131147540983
1 0.871518281535649 0.30928690163934425 0.0490091407678245 0.1276948524590164
1 0.8703713985374771 0.4173505327868852 0.10916396709323584 0.13364595081967212
