0 0.5452989189189189 0.6480362616822429 0.2440287977632805 0.6253776448598131
0 0.7396181500465984 0.5407855046728972 0.19281287045666354 0.6404833831775701
0 0.3261249068033551 0.47809709345794393 0.24101609506057783 0.5543815140186916
0 0.8379077027027028 0.418429 0.10770371854613234 0.3262839813084112
0 0.6311607502329917 0.3602714485981309 0.1024315284249767 0.23111691588785047
0 0.11109324324324325 0.3867068317757009 0.13331220876048464 0.3383683551401869
0 0.315203863000932 0.1669185981308411 0.06100720410065238 0.1435048598130841
0 0.030651794035414726 0.36338798130841127 0.05857898415657036 0.2732240373831776
0 0.9032054986020503 0.437158476635514 0.08446318732525629 0.29508196261682246
0 0.9658713886300092 0.3333336448598131 0.051767008387698044 0.21311588785046728
1 0.18105265610438023 0.4503545981308411 0.1442767940354147 0.39574471028037383
