0 0.5925302197802198 0.6165641339869282 0.09397985347985348 0.40286356209150326
0 0.7999730311355312 0.441717794117647 0.05959684981684981 0.23312882352941175
1 0.12202456043956045 0.7602836519607843 0.12003695970695973 0.2808509967320261
1 0.1546178205128205 0.4276598366013072 0.097779010989011 0.23404307189542486
1 0.24842216117216115 0.3354607843137255 0.07552014652014652 0.10921895424836602
1 0.2798223443223443 0.578723545751634 0.09539377289377289 0.17304993464052287
1 0.4725975961538462 0.40496494281045753 0.06439088827838828 0.2737596568627451
1 0.5846858974358974 0.380142205882353 0.05485164835164835 0.12482343137254903
1 0.5032032967032967 0.3843974591503268 0.07313553113553115 0.11914952614379086
1 0.6458966071428572 0.43687942810457514 0.07552032051282052 0.1446808496732026
2 0.5401684981684982 0.4560281045751634 0.09777838827838828 0.13475228758169935
1 0.7138650137362637 0.5198583496732025 0.08903405677655678 0.18581598039215685
1 0.7369185256410257 0.3460992075163398 0.0715457326007326 0.14468066993464052
1 0.8088615476190477 0.3070920424836601 0.056441043956043956 0.0921982679738562
1 0.8581483241758242 0.4730492647058823 0.09459884615384616 0.2028361111111111
1 0.9602992765567765 0.4368794199346405 0.04769697802197802 0.09078014705882353
1 0.9281039377289377 0.5687943300653595 0.1025485347985348 0.337588660130719
