0 0.6874792368125702 0.385245269286754 0.15589450056116722 0.23861572052401747
0 0.7907061447811446 0.42714010917030565 0.24437442199775533 0.253187903930131
0 0.4810246913580247 0.3269579403202329 0.1446576879910213 0.2167573944687045
2 0.06398035914702582 0.245389730713246 0.11483613916947251 0.17872272197962155
2 0.11592998316498317 0.2659576783114993 0.15311507295173962 0.16312103347889373
2 0.18592536475869811 0.3078013100436681 0.15092817059483726 0.14751819505094615
2 0.3193542031425365 0.33617005822416307 0.17061413019079685 0.1531911790393013
2 0.43255014590347923 0.28439685589519653 0.10171227833894501 0.14893554585152838
2 0.9389230864197531 0.4914898107714702 0.11702356902356903 0.20283697234352255
2 0.831195847362514 0.7404257641921398 0.334665544332211 0.34326200873362445
2 0.33794702581369246 0.5014184861717612 0.2712327721661055 0.2851077147016012
2 0.19412812570145904 0.4510636899563319 0.20451815937149273 0.2524825473071325
2 0.09515035914702581 0.4375887918486172 0.18811335578002245 0.19148908296943232
