0 0.6431743337129839 0.36708827272727274 0.048170694760820046 0.07594870707070708
0 0.3428478587699317 0.551160606060606 0.06839084282460137 0.1445151515151515
1 0.8261485706150341 0.5990278787878788 0.07809365603644647 0.16038868686868685
1 0.9244508883826879 0.5607535151515152 0.07603899772209567 0.1348727676767677
2 0.20174191913439637 0.43620854545454546 0.05274746013667426 0.11664553535353535
2 0.25414635535307517 0.4216277878787879 0.04932232346241458 0.11907573737373738
2 0.28908371298405466 0.476306101010101 0.06439293849658315 0.11421608080808081
2 0.22332045558086558 0.576548797979798 0.06165293849658314 0.24908951515151517
1 0.5569309396355353 0.6142162828282828 0.09179415717539863 0.1494532121212121
1 0.6309142653758542 0.7424058282828283 0.11234561503416857 0.2332928282828283
1 0.14282904328018223 0.5388821515151515 0.08288861047835991 0.28554074747474745
1 0.11097522209567198 0.6439854141414142 0.1739982118451025 0.3159173737373737
1 0.10755002277904328 0.9161603939393941 0.16440767653758542 0.15795868686868686
