0 0.5172116285714285 0.8180381526104419 0.11106702857142857 0.2056947791164659
1 0.10576992571428571 0.9033925702811245 0.16453100571428572 0.1873152610441767
1 0.12129936 0.8569317469879519 0.13179213714285715 0.26548590361445784
1 0.08478396571428572 0.5383478614457831 0.10409142857142857 0.17699070281124496
2 0.1368292342857143 0.5287611947791165 0.06379753142857143 0.2463129518072289
1 0.2144778685714286 0.5361353514056225 0.07806826285714286 0.3377574096385542
1 0.2778559428571429 0.43067871485943776 0.06211897142857143 0.19469076305220884
1 0.3315803885714286 0.41445427710843374 0.05540306285714286 0.194690281124498
1 0.3899217142857143 0.4056042871485943 0.06127885714285714 0.17404042168674697
1 0.2786954857142857 0.6179939959839358 0.08730182857142857 0.12094373493975903
1 0.3433324914285714 0.5648967771084338 0.05540329142857143 0.1356931526104418
1 0.47218720571428574 0.5073746285140562 0.08142584 0.13864307228915665
1 0.41216685714285717 0.5376106224899598 0.07219199999999999 0.1401179919678715
1 0.34165345714285716 0.7278764156626506 0.10744849142857144 0.19026483935742972
1 0.4067103828571429 0.6681413855421686 0.09653580571428572 0.17994140562248997
1 0.6195094228571428 0.7662248995983936 0.08730227428571428 0.2522128514056225
1 0.9313629142857143 0.5818584136546184 0.07974731428571427 0.13126843373493977
2 0.8113224228571428 0.5007374598393575 0.07471058285714285 0.10766961847389558
1 0.7630543599999999 0.5014749297188755 0.06883438857142857 0.13274335341365462
1 0.7244399314285714 0.5036873192771084 0.07219213714285715 0.14306785140562248
2 0.6841468457142856 0.5973451305220884 0.10577030857142856 0.28318584337349395
1 0.5993627771428572 0.5051626606425703 0.06379762285714285 0.24041383534136546
1 0.5103818 0.3399704919678715 0.04365107428571429 0.08997050200803212
1 0.4436458171428571 0.32817168674698793 0.04281122285714286 0.08996987951807228
1 0.7672514857142856 0.3679937048192771 0.05876125714285714 0.12831781124497993
