0 0.6416021347678369 0.7526373737373737 0.12891208380520952 0.21835353535353533
0 0.5159430181200453 0.8127632525252525 0.08692710079275198 0.21413410101010102
0 0.4402513703284258 0.8465189898989899 0.08692647791619479 0.2267932525252525
0 0.2755634201585504 0.5796415454545454 0.06622989807474519 0.12974721212121212
1 0.37302648357870893 0.8989521313131313 0.1132924462061155 0.19610785858585858
1 0.4737312061155153 0.527694606060606 0.07804608154020384 0.11826347474747474
1 0.33861924688561723 0.4700596262626262 0.0612620724801812 0.10179589898989899
1 0.3851952831257078 0.4633231212121212 0.058743907134767834 0.11227496969696969
2 0.28826689694224233 0.4932638888888889 0.06126197055492639 0.11227626262626263
2 0.23162082106455267 0.505239393939394 0.05538802944507361 0.13622828282828284
1 0.2551183012457531 0.4214070707070707 0.055387519818799545 0.12425252525252525
1 0.3121841562853907 0.40793451515151513 0.05035245753114383 0.12125824242424242
2 0.7917898640996602 0.7342809898989899 0.13175517553793883 0.26796319191919193
1 0.889557281993205 0.6002989494949494 0.082242174405436 0.16167676767676767
1 0.6750224009060022 0.6190766666666666 0.08446255945639863 0.3049820202020202
1 0.6103130690826727 0.5364517171717172 0.07765143827859569 0.25394840404040403
1 0.6511822480181201 0.4520047575757576 0.05857915062287655 0.10692567676767677
1 0.5098431483578708 0.3493313737373737 0.04155039637599094 0.09355947474747475
2 0.8769843941109854 0.42831105050505053 0.07833245753114382 0.19076549494949496
2 0.6804060022650057 0.4351849595959596 0.03719932049830125 0.09567856565656566
2 0.9490213929784823 0.49999988888888885 0.06747879954699887 0.191357797979798
