0 0.19379112869198312 0.5460332792207793 0.12155698312236286 0.21645292207792208
1 0.10176635021097047 0.7354082792207792 0.13273945147679325 0.3307386363636364
1 0.9026255274261603 0.40175132305194805 0.10366244725738397 0.12256878246753247
1 0.32552637130801687 0.6848248295454545 0.15802320675105486 0.21011657467532469
1 0.38367896624472575 0.469844375 0.08722856540084388 0.16536969155844156
1 0.3046677215189874 0.45233456168831165 0.07585021097046414 0.19260685064935065
1 0.5853154008438819 0.36575892857142855 0.06320886075949367 0.08949512987012986
1 0.7610369198312236 0.37256818181818185 0.08343670886075949 0.10311363636363637
2 0.5865621940928271 0.4800707386363636 0.08684168776371308 0.14654082792207793
1 0.15387709915611816 0.3745600974025974 0.06551162447257385 0.10668175324675323
