0 0.6863055664739884 0.5142716491754122 0.34385547976878617 0.42224650674662667
1 0.6021231213872832 0.11265442278860568 0.19753410404624278 0.2160494752623688
1 0.1981294161849711 0.07793253373313344 0.20586419653179192 0.14043178410794604
1 0.33616531791907517 0.10339505247376311 0.2058635838150289 0.20061619190404797
1 0.8383311618497109 0.13734597451274363 0.2463226473988439 0.24074133433283357
1 0.7139796705202311 0.30092600449775114 0.271312774566474 0.41975293853073464
1 0.1654053352601156 0.26774659670164913 0.2475130289017341 0.27623394302848575
1 0.34985028901734105 0.3804010494752624 0.29987167630057804 0.4583343328335832
1 0.19515433526011558 0.7037039055472264 0.38078959537572254 0.4938275712143928
1 0.4765815028901735 0.7986109445277361 0.42005780346820815 0.40277811094452776
