0 0.6742400751445087 0.7513588622754491 0.3125521040462428 0.38485622754491017
0 0.9293507398843931 0.8195263248502994 0.13590809248554914 0.3461544461077844
0 0.20080489595375722 0.516272252994012 0.19517485549132946 0.2662720508982036
1 0.6918111560693642 0.5570989446107785 0.26099341040462426 0.3456793562874252
1 0.533308583815029 0.46527769461077845 0.151352774566474 0.21142065868263474
1 0.23179537572254333 0.3317897754491018 0.18233757225433528 0.16666595808383233
1 0.36348381502890176 0.6234565868263474 0.27648670520231217 0.4320988023952096
1 0.19425549132947978 0.8456789071856287 0.37182658959537573 0.3055553592814371
1 0.6048136647398844 0.33950673652694613 0.16565276300578033 0.1913577844311377
1 0.9271815028901733 0.439814371257485 0.14301040462427744 0.2685179640718563
