0 0.536972286374134 0.6826923048048048 0.2616605080831409 0.4718934984984985
1 0.786261870669746 0.1188274924924925 0.1412304387990762 0.15740807807807808
2 0.9073163972286374 0.321759009009009 0.17920785219399538 0.17746996996996997
2 0.8331408775981525 0.2638888888888889 0.18751501154734412 0.18518618618618618
2 0.5346576212471131 0.1481478978978979 0.1436039260969977 0.1574069069069069
1 0.3673175519630485 0.20293209459459458 0.18395612009237877 0.21450617117117116
1 0.3044166050808314 0.17978386636636637 0.15547163972286374 0.18055539039039037
1 0.6319763279445728 0.4151231231231231 0.24804272517321016 0.40432132132132137
2 0.8960415704387991 0.5694444444444444 0.20413163972286374 0.3611111111111111
2 0.7251408775981524 0.8333333333333334 0.5127020785219399 0.3240750750750751
2 0.2320216859122402 0.6712966291291292 0.30975801385681295 0.6419746396396396
