0 0.08494796822742474 0.5632660654490107 0.07928511705685619 0.3361544444444444
0 0.15365097408026757 0.5773310426179605 0.075908754180602 0.38430972602739727
0 0.2152018143812709 0.6257412176560122 0.09438690635451505 0.4421955251141553
0 0.29141326923076927 0.7010979680365297 0.13828884615384615 0.522469908675799
0 0.5983473118729097 0.7199315068493151 0.17946423913043477 0.5601369863013699
0 0.7976217600334449 0.7018896499238965 0.19621801839464884 0.43470776255707766
0 0.8582002717391305 0.4123706240487063 0.06373490802675585 0.1374566210045662
2 0.9278438795986622 0.75308599695586 0.13987578595317726 0.48765449010654494
2 0.4776977424749164 0.503086590563166 0.11274832775919733 0.16666700152207
2 0.2784803051839465 0.4745372907153728 0.06697082775919733 0.11882800608828005
2 0.3857186454849498 0.7577161339421614 0.17124163879598664 0.4814809741248098
2 0.049168570234113716 0.5362648401826484 0.0712096822742475 0.27623439878234396
2 0.5726438127090302 0.4212960426179604 0.07036120401337792 0.10185235920852359
2 0.7820338628762542 0.46604904109589035 0.07375334448160535 0.11111044140030442
1 0.377241220735786 0.4675929299847793 0.05934197324414715 0.16049450532724505
2 0.48914195652173914 0.4591051902587519 0.07120939799331104 0.1188276712328767
