0 0.3469043108974359 0.37797724271844657 0.14588563034188035 0.23067976699029125
0 0.22513172008547008 0.3486808932038835 0.05783181623931624 0.2892724660194175
0 0.17883605235042735 0.4325635242718447 0.0969390064102564 0.30376615533980583
2 0.5400245726495726 0.3680559223300971 0.07302136752136752 0.1311735922330097
2 0.6656908493589744 0.37037026213592233 0.08151360042735042 0.12037015533980583
2 0.6533787126068376 0.5941354174757282 0.095947702991453 0.20678935922330097
2 0.8214995886752137 0.6126541650485438 0.13840253205128206 0.18518487378640777
2 0.9208440170940171 0.7191360776699028 0.09255128205128205 0.27777833009708736
2 0.21694391025641027 0.6165123495145631 0.155383547008547 0.23302469902912623
2 0.16047916666666667 0.7438276310679612 0.18340491452991453 0.2808651262135923
