0 0.3742318464961068 0.3426806613226453 0.049747563959955506 0.1312908617234469
2 0.5430693381535039 0.3464502004008016 0.06852650723025584 0.12808557114228458
2 0.6762664071190212 0.3402775551102204 0.09508008898776418 0.13734468937875752
2 0.6677011123470522 0.5733026052104208 0.09679265850945494 0.21450501002004008
2 0.8355897830923249 0.5879629559118236 0.14647447163515018 0.18518519038076153
1 0.7597825361512792 0.6967588376753507 0.15418353726362624 0.32253170340681364
2 0.9413766407119021 0.7106477054108217 0.1010754171301446 0.3009250300601202
1 0.2531179087875417 0.3356481462925851 0.05910344827586207 0.14043208416833666
2 0.19786929922135707 0.38117294589178363 0.10278865406006674 0.182098997995992
1 0.22999040044493882 0.5864198396793587 0.11563819799777532 0.2623466933867736
