0 0.720564 0.430435 0.10779399999999997 0.14782600000000007
0 0.435323 0.266667 0.054726399999999994 0.08695649999999998
0 0.4917079999999999 0.272464 0.06467659999999997 0.09275359999999998
1 0.7284187396351575 0.28626531884057976 0.04591210613598673 0.12499979710144928
0 0.37038937810945277 0.3356479275362319 0.0750487728026534 0.14043168115942029
1 0.23839112769485904 0.3418204492753623 0.07063399668325042 0.13734460869565218
1 0.13641315091210612 0.3958339710144928 0.06798630182421227 0.10648278260869565
1 0.18409081260364843 0.4104936666666667 0.08917665008291874 0.10802501449275363
1 0.07151768656716417 0.5030857246376811 0.11124986733001659 0.19444304347826086
1 0.6463054145936982 0.3186725652173913 0.06886844112769486 0.10648095652173914
1 0.4851708126036484 0.3441360724637681 0.06798673300165838 0.09876489855072464
1 0.2900432421227197 0.6890426231884058 0.12272661691542287 0.45833214492753627
1 0.9284021558872305 0.33487589855072464 0.05562354892205638 0.09876414492753624
1 0.6635223880597014 0.49845657971014484 0.11566500829187396 0.14814771014492753
1 0.5655172305140962 0.7376546376811594 0.13508825870646765 0.5154327536231884
1 0.8564430016583747 0.45601884057971015 0.07769774461028192 0.14968985507246377
