0 0.1393030016583748 0.3926691887905605 0.0829187064676617 0.1186713569321534
1 0.48974626865671644 0.2800924336283186 0.061598673300165836 0.08796262536873156
1 0.3752263101160862 0.33950644542772856 0.072008407960199 0.12963017699115043
1 0.2455240464344942 0.3549389233038348 0.06940630182421227 0.11419884955752213
1 0.18305804311774462 0.41280831858407074 0.1075787728026534 0.11265498525073747
1 0.6207504145936982 0.28317945427728614 0.042512437810945276 0.09413666666666667
1 0.6433071641791045 0.3341045575221239 0.0772146600331675 0.14969058997050147
1 0.3014827694859038 0.7021592920353982 0.10844739635157546 0.45987610619469027
1 0.6684672968490879 0.4861117699115044 0.11018169154228856 0.1851864896755162
1 0.5747687479270315 0.7322535250737463 0.12926847429519073 0.5293218584070797
1 0.781252072968491 0.3804017256637168 0.061598673300165836 0.12808740412979353
