0 0.0783333 0.340643 0.08333329999999999 0.11988299999999993
0 0.45 0.38596499999999995 0.08666669999999992 0.12280699999999996
0 0.8725 0.3187130000000001 0.06833329999999999 0.11695900000000004
0 0.503333 0.657895 0.10666700000000001 0.426901
0 0.770833 0.5877189999999999 0.11833300000000008 0.3918129999999999
0 0.336667 0.4005850000000001 0.10333300000000004 0.12865499999999996
0 0.21682880000000002 0.7291669883040935 0.12930573333333334 0.4614204093567251
0 0.37912074166666665 0.6766988304093567 0.11611184999999999 0.375
0 0.24057869999999998 0.2515428801169591 0.0413426 0.07715985380116959
2 0.151735925 0.25771637426900584 0.10643481666666667 0.1265438596491228
0 0.3140275 0.24614133040935673 0.049258333333333335 0.08487523391812865
0 0.48995389166666664 0.2345687134502924 0.051018883333333334 0.08950584795321638
0 0.3584488 0.295525014619883 0.0782876 0.10648213450292399
2 0.06333360833333333 0.45447498538011694 0.10555611666666666 0.143517865497076
0 0.8593979666666667 0.5416660233918129 0.06861073333333334 0.3271591812865497
2 0.9517592583333334 0.45061679824561407 0.09148148333333334 0.13580149122807017
2 0.6667594416666667 0.3765430409356725 0.09324111666666667 0.14814783625730993
1 0.7406485166666666 0.37114229532163745 0.052777033333333334 0.12191423976608187
1 0.818495 0.34953654970760234 0.05541666666666667 0.10339473684210526
2 0.7635188 0.2731483040935672 0.0668524 0.10802502923976609
0 0.6962275 0.27546345029239766 0.05189833333333333 0.10648245614035089
0 0.558125 0.2878084795321637 0.06421333333333333 0.10339473684210526
