0 0.38018002742230345 0.5487360866013071 0.0817916819012797 0.23826638888888887
0 0.024322472577696527 0.48745830065359474 0.04490271480804388 0.1622075816993464
1 0.8948050457038391 0.8217596241830065 0.2028743692870201 0.3533957843137255
1 0.8512084597806217 0.4760799754901961 0.0897823491773309 0.1404315522875817
1 0.6487659963436929 0.5918207189542484 0.11654478976234003 0.1867278431372549
1 0.653514168190128 0.8603398692810458 0.29869926873857405 0.2638888888888889
1 0.5002793007312615 0.7021602205882354 0.18042860146252285 0.24382661764705882
1 0.4609995932358318 0.5895065359477124 0.10014178244972578 0.23765359477124182
1 0.08676132541133455 0.7145059885620915 0.16661628884826327 0.33024727124183006
1 0.5633000182815356 0.4984565196078431 0.10273166361974406 0.15123401960784313
