0 0.484155 0.332564 0.14859200000000006 0.221709
1 0.7355014084507042 0.3317899884526559 0.09881971830985917 0.15432071593533486
1 0.842791323943662 0.43209882794457277 0.1590530704225352 0.2746914896073903
2 0.9072598591549296 0.5478394226327945 0.18446338028169013 0.30246896073903007
1 0.5783309859154929 0.32561747113163975 0.10258450704225351 0.11111147806004619
1 0.6202118591549296 0.37191397228637413 0.1392885070422535 0.20987644341801384
1 0.48374630985915495 0.42361135681293305 0.14305339436619718 0.20833382217090068
1 0.25599020774647885 0.4845680138568129 0.21081562676056337 0.25000023094688223
1 0.1599937676056338 0.4629632101616628 0.13928852112676057 0.22530914549653577
1 0.07246795774647888 0.5663581986143187 0.14117112676056337 0.3209879907621247
1 0.6893855633802817 0.5054010508083141 0.16658239436619718 0.2731485219399538
2 0.4668056338028169 0.6427468302540416 0.17128732394366197 0.3626541454965358
2 0.7675000915492958 0.7260802598152426 0.30022412676056337 0.3935184872979215
2 0.5359795035211268 0.7824076501154734 0.38680859859154926 0.4320992494226328
2 0.16893485915492956 0.8016974595842956 0.3378697183098591 0.38734642032332567
1 0.4141019401408451 0.3086420669745959 0.11293696478873239 0.13888907621247112
1 0.3006945316901409 0.3256175635103926 0.09129047183098593 0.11728450346420324
1 0.05882112676056338 0.4027775692840647 0.11576056338028169 0.21913539260969978
