0 0.6070919861751152 0.31060605536332175 0.0726434930875576 0.13636363321799308
0 0.47391226267281106 0.34848484429065746 0.050735124423963135 0.1904761937716263
0 0.5967142995391705 0.5454545415224914 0.18333822119815668 0.31601731833910035
0 0.6687812949308756 0.37770562283737025 0.11991940092165898 0.20995671280276818
1 0.34117017511520736 0.3973764965397924 0.10193983410138249 0.19907399653979238
2 0.5277862027649769 0.35416625432525956 0.07234475576036867 0.10648064013840831
2 0.13317987096774192 0.42901297577854675 0.11180490322580644 0.2006176470588235
2 0.188671400921659 0.43209885813148785 0.1734627281105991 0.2746915570934256
1 0.8944414055299539 0.539351652249135 0.1808609677419355 0.2669748961937716
1 0.7505745806451612 0.6211415570934256 0.17428464516129033 0.42746996539792387
2 0.6572668202764977 0.8202163062283736 0.3148635944700461 0.35339455017301036
1 0.3596675391705069 0.7415122837370242 0.2902004055299539 0.5077159169550173
2 0.20634654377880182 0.6388885726643599 0.2712921658986175 0.425925276816609
