0 0.3185143451957295 0.5216242020592021 0.10733817081850533 0.2710965122265122
1 0.08040427046263345 0.83546138996139 0.1576711743772242 0.3234041184041184
1 0.15217978291814946 0.7156029858429858 0.19140128825622776 0.31914924066924066
1 0.3879019537366548 0.7382979407979409 0.1764971459074733 0.3304954954954955
1 0.41535694661921707 0.5971629729729729 0.08079642704626334 0.12198550836550837
1 0.9377889679715302 0.8673760489060489 0.12001779359430605 0.25957480051480053
1 0.84954056227758 0.7177303732303733 0.16316229181494663 0.32624066924066925
1 0.767567359430605 0.5702129987129987 0.1184496227758007 0.19574388674388674
1 0.7306987508896796 0.5297873166023166 0.06667651957295373 0.13758881595881595
1 0.8585612099644128 0.5148934105534105 0.08079644128113879 0.11063788931788932
1 0.9624989323843417 0.6248223938223939 0.0721679715302491 0.20567310167310165
