0 0.38692587769784176 0.1360764150943396 0.08205086330935252 0.13712988679245283
0 0.6041194244604317 0.3544301132075472 0.13514244604316547 0.24050581132075471
0 0.9154294964028777 0.1793245283018868 0.08205035971223021 0.14135094339622642
0 0.6676680935251799 0.6039030849056604 0.22684697841726617 0.287974962264151
0 0.13353402877697843 0.5168777264150943 0.18823352517985614 0.2869200188679245
0 0.06998441726618705 0.3691980566037736 0.13675156834532373 0.15189822641509435
0 0.209551345323741 0.20516901886792452 0.08285523741007195 0.24367041509433962
0 0.3623906474820144 0.225211320754717 0.13594676258992805 0.3407169811320755
2 0.4322536474820144 0.8065653867924528 0.3316777697841727 0.3563898679245283
1 0.04023021582733813 0.2538102264150943 0.07509640287769784 0.12543992452830188
1 0.8166776978417266 0.30363388679245285 0.13678273381294964 0.1688152452830189
1 0.7017976402877698 0.4173506981132076 0.23065507913669067 0.22274290566037735
