0 0.15545091352859133 0.7030589906542056 0.23534085076708505 0.558017046728972
1 0.3516513249651325 0.3587335794392524 0.09622315202231521 0.12661134579439254
1 0.248867350069735 0.3962481308411215 0.10234619246861926 0.17115981308411213
1 0.10147122036262203 0.45603780373831776 0.13471167364016737 0.22039915887850467
2 0.5524067852161786 0.3739741214953271 0.1040957740585774 0.14067979439252337
2 0.6635004672245468 0.38862831775700935 0.08485122733612273 0.14654149532710278
1 0.9377355090655509 0.5715121495327103 0.12071587168758717 0.2778429906542056
1 0.8620696164574617 0.7016411214953271 0.259802189679219 0.31066915887850466
1 0.5786494351464435 0.44431401869158876 0.12159094839609484 0.152403738317757
1 0.4745536959553696 0.5257906542056074 0.14083403068340306 0.18405607476635513
1 0.6442552301255231 0.5562722336448598 0.19856903765690376 0.22157142056074766
2 0.49248596931659694 0.6963655327102805 0.25017974895397493 0.20633106542056073
1 0.307475690376569 0.6266121495327103 0.18982167364016736 0.28722056074766356
