0 0.5513876050420169 0.37556546990496303 0.06751680672268907 0.2654604012671594
0 0.46549107142857143 0.47812935586061245 0.08777205882352941 0.3861235480464625
0 0.5187542778361345 0.7518853695881732 0.1237808455882353 0.33031673706441395
0 0.7044254648109244 0.546002787750792 0.09302301995798319 0.3438909398099261
0 0.817328781512605 0.4095024656810982 0.06676680672268907 0.152338257655755
0 0.7381838235294117 0.9155353748680042 0.1395346638655462 0.16289545934530095
1 0.25606553834033613 0.6082419482576558 0.10002123424369748 0.19230807814149947
1 0.15085191964285716 0.6791208922914467 0.11915120273109243 0.24835166842661036
1 0.6233570929621849 0.38186800422386485 0.07487930147058823 0.2538458289334741
1 0.07515273109243698 0.6368129567053854 0.09127647058823529 0.19450502639915523
1 0.9004653361344538 0.4554947201689546 0.09455567226890756 0.13516473072861668
1 0.8343312631302521 0.5109891552270328 0.09455596113445378 0.16043985216473075
1 0.7747555540966387 0.554395459345301 0.08034498424369749 0.20769271383315735
1 0.6304625157563024 0.720329651531151 0.1065802205882353 0.24945051742344243
1 0.7884196192226891 0.7390108394931362 0.1273497426470588 0.2362634318901795
1 0.3954396165966387 0.7527471066525872 0.11860455882352941 0.30329640971488914
1 0.9633206407563025 0.5335165786694825 0.07050682773109244 0.2142855332629356
1 0.8958195903361345 0.7835163674762408 0.14320010504201683 0.23956071805702217
1 0.3090824579831932 0.5225276874340021 0.06941386554621848 0.17692350580781416
