0 0.36431718981101063 0.43552168374816985 0.11719326211996714 0.24736225475841875
1 0.44509094494659 0.2924973060029283 0.053292226787181596 0.16061007320644216
1 0.5368726376335251 0.26377503660322105 0.06974034511092851 0.18522884333821377
1 0.6302989071487264 0.3276670571010249 0.08289930977814297 0.17467759882869693
1 0.7224093179950698 0.371629224011713 0.09737364009860312 0.17819396778916544
1 0.7576088085456039 0.5926142020497803 0.18356299096138046 0.3177027818448024
1 0.9132098603122433 0.7379835871156663 0.16185143796220214 0.3950761932650073
1 0.45528905916187346 0.5797187481698389 0.15000857025472472 0.29660001464128843
1 0.15889044782251438 0.34876878477306 0.06645082169268693 0.24032773060029283
1 0.10428244453574363 0.6858144509516837 0.17961588331963846 0.37983522693997074
