0 0.8047067728442729 0.6158851558603491 0.1283498906048906 0.6380203117206983
0 0.6615731241956242 0.6243487032418953 0.16732524453024455 0.6393224189526184
0 0.9152489961389961 0.4720051932668329 0.10348621621621622 0.2408853740648379
0 0.9407845334620334 0.31705728802992517 0.1007983462033462 0.1940104114713217
0 0.8504020945945947 0.3177083291770573 0.08534245173745174 0.15625
0 0.7381800193050193 0.29101551745635906 0.08399893178893178 0.1966143765586035
0 0.8756016055341055 0.20442708229426432 0.08467061132561132 0.19010416458852866
0 0.7905949903474904 0.21158854114713216 0.08534256756756757 0.15234374064837905
0 0.7092843404118403 0.18619802992518705 0.0813106628056628 0.208333566084788
0 0.6330136261261261 0.053385648379052374 0.047039157014157014 0.09375047381546135
0 0.5842942696267697 0.09114583541147132 0.0772784749034749 0.1354166583541147
0 0.6068060231660232 0.29817720074812964 0.11020619047619049 0.19270809226932667
0 0.26543563706563705 0.1555988403990025 0.08198265122265122 0.1731768578553616
0 0.14313364543114543 0.0885415523690773 0.0577910489060489 0.12760440149625935
1 0.11011480051480052 0.1735053428927681 0.06655289575289575 0.1406800872817955
1 0.2220447232947233 0.11195771820448878 0.0484021879021879 0.09964815461346634
1 0.4059727123552124 0.0427902493765586 0.04961216859716859 0.08323543640897756
