0 0.661918002739726 0.2952523348017621 0.11287700273972602 0.36142966960352424
0 0.23418520547945207 0.4835872026431718 0.16156712328767123 0.41148859030837004
2 0.38773884657534247 0.6720678689427313 0.2073058684931507 0.35648155286343614
2 0.24761530410958907 0.15817877202643174 0.0836899397260274 0.16203655286343613
2 0.31211062465753425 0.22376543502202642 0.09443933150684931 0.21296296255506608
2 0.4376459534246575 0.11882698237885464 0.07217300273972603 0.1481477973568282
1 0.5593419178082192 0.09259283039647576 0.08829698630136987 0.15123504405286342
2 0.4944632876712329 0.17206773127753305 0.09520712328767122 0.15586453744493392
1 0.753211506849315 0.18132738986784142 0.07678027397260273 0.17129676211453745
2 0.5489767150684931 0.22299394273127754 0.12899013150684932 0.18672797356828194
2 0.474500202739726 0.3958331497797357 0.1520242520547945 0.3410495594713656
2 0.377373698630137 0.28626567731277536 0.10672438356164383 0.18364148678414097
2 0.6541654794520548 0.5208331497797357 0.18120109589041097 0.2731486784140969
2 0.7919854794520549 0.6566354625550661 0.11747342465753426 0.3379625550660793
2 0.5293978493150685 0.7870368942731277 0.25260594520547947 0.4259262114537445
2 0.16584464657534245 0.36574053414096913 0.1289901589041096 0.19444404185022027
