0 0.750135 0.09032260000000002 0.0811249 0.144086
0 0.320714 0.206989 0.10492199999999992 0.252688
0 0.6700920000000001 0.308602 0.11573799999999985 0.363441
0 0.5649 0.21344100000000002 0.10113599999999992 0.20752700000000002
0 0.408329 0.254839 0.11465699999999997 0.21720400000000004
0 0.41400800000000004 0.608602 0.20281200000000005 0.4236560000000001
2 0.5021984342888047 0.17283940860215055 0.0838291995673337 0.15740720430107527
1 0.26739916441319633 0.16203719892473117 0.1032342401297999 0.1543213010752688
2 0.5654583558680368 0.10185204838709679 0.08305300162249865 0.12345719354838709
2 0.8025859924283396 0.21759247311827956 0.09469605191995673 0.20061720430107527
2 0.4789126554894538 0.3942902419354839 0.14747701460248783 0.32561704301075267
2 0.1641652244456463 0.36265422043010753 0.1187577068685776 0.19444424731182794
2 0.6539446755002705 0.5177469139784946 0.1793009248242293 0.2638888817204301
2 0.7909429421308815 0.6520059139784946 0.11332449972958356 0.33179032258064517
2 0.5320819361817198 0.7847225806451613 0.26002541914548405 0.4274688172043011
