0 0.747414 0.880388 0.21883499999999995 0.2392240000000001
0 0.752586 0.299569 0.0941753 0.20689699999999997
0 0.51742 0.8259700000000001 0.21284699999999995 0.3415950000000002
0 0.795046 0.668642 0.12466000000000005 0.33512900000000007
1 0.26583869896570494 0.43672844827586205 0.1309703973870441 0.24382758620689654
1 0.17501714752313555 0.3958332219827586 0.13175013609145347 0.1836417456896552
1 0.16371286064235166 0.6095678987068966 0.11537890582471422 0.2777777801724138
1 0.27714262384322264 0.7322530818965517 0.20970821992378877 0.49537038793103444
1 0.39992742514970064 0.5293211691810344 0.11537868263473053 0.27469171336206893
1 0.5254407539466522 0.6458334806034484 0.20892905280348392 0.38734596982758623
1 0.7289126292868807 0.5547839493534483 0.18086390854654327 0.39043210129310346
