0 0.532071 0.305365 0.0940745000000001 0.163242
0 0.508858 0.570776 0.22602300000000006 0.591324
2 0.11731587660354306 0.4137365296803653 0.13466329871716554 0.1571433789954338
1 0.22522296884544898 0.44230764840182646 0.148188149053146 0.2032956621004566
2 0.3925231093463653 0.4181317865296804 0.11584565668906537 0.27802181506849316
1 0.4563265668906536 0.32857122716894976 0.06350935858277337 0.11648311643835615
2 0.6386218723274283 0.29395604452054797 0.08703114844227244 0.11758240867579908
2 0.6994849908368967 0.4219779109589041 0.1452485400122175 0.19120856164383562
2 0.8379709835064143 0.4510993150684931 0.11525778863775198 0.22747260273972603
2 0.7359441875381797 0.7137361929223743 0.1852356322541234 0.5615385958904109
2 0.5627635125229078 0.5307691552511415 0.16935842394624312 0.2285712785388128
2 0.24517085522296886 0.6212766095890411 0.2626288210140501 0.2836879223744292
