0 0.5446368131868132 0.28984485468245424 0.11591098901098901 0.23836389666307856
0 0.6940250164835164 0.29337070505920343 0.12958973626373627 0.265161711517761
0 0.7685392362637363 0.10437257265877287 0.06983471428571429 0.20310251883745964
0 0.7267824175824176 0.17630480624327236 0.14326813186813186 0.22567025834230356
1 0.4161907554945055 0.07678780947255114 0.06043891758241758 0.15357561894510227
1 0.5203131868131868 0.08733853606027987 0.08796593406593407 0.1699881593110872
2 0.35156303846153847 0.1430248869752422 0.10711458241758243 0.23212245425188374
1 0.2692822472527473 0.2368112540365985 0.12805858241758242 0.25322390742734124
1 0.17114390934065932 0.2643612755651238 0.2214099835164835 0.40211060279870825
2 0.39614420329670336 0.2725672066738428 0.14122357142857145 0.25908517761033373
1 0.17682870054945055 0.38218030139935416 0.16336457692307693 0.2790150699677072
1 0.3057850906593407 0.4495897093649085 0.13523970879120878 0.24970686759956942
1 0.4909913571428572 0.4771394402583424 0.1561838131868132 0.27667069967707214
1 0.6618359807692308 0.4859321528525296 0.15199475274725274 0.24267321851453175
1 0.06612367857142858 0.622508702906351 0.12985374175824177 0.3493554036598493
2 0.1995681346153846 0.6494723950484392 0.2267955989010989 0.4290739612486545
2 0.4078130494505494 0.6682296232508073 0.1944815934065934 0.3657681808396125
1 0.6223412087912088 0.7291910656620022 0.23577142857142858 0.43845317545748114
