0 0.5420220981210856 0.4661497142857143 0.1422215379262352 0.300423552795031
0 0.13945624913013221 0.8455571242236025 0.23466578983994432 0.308885751552795
0 0.5850836186499653 0.643864596273292 0.15249309672929715 0.3258110062111801
0 0.6542192379958246 0.8582510559006211 0.2054308211551844 0.28349788819875776
0 0.9062672338204594 0.8265162173913043 0.18488794015309673 0.3469675652173913
2 0.4636547773138483 0.1875730434782609 0.11033136395267919 0.199296149068323
2 0.5956586638830897 0.27022247826086954 0.10507794015309674 0.24032771428571428
1 0.19833404314544187 0.4935519068322981 0.16024353514265832 0.32825270807453416
1 0.7119005810716771 0.48886286956521735 0.15498937369519833 0.2813599751552795
1 0.1576162943632568 0.7725674409937888 0.23905133611691023 0.3001172919254659
