0 0.446844 0.683036 0.09302330000000007 0.14583300000000007
2 0.04842010797342192 0.8868694345238094 0.09422290697674418 0.21922541666666667
2 0.03500664451827242 0.7327083333333333 0.06346843853820598 0.11723214285714285
2 0.11712458471760798 0.7491205505952381 0.10730897009966776 0.15709223214285714
2 0.08506267441860464 0.6611963839285715 0.0811371096345515 0.1266131845238095
2 0.16685317275747508 0.6699888244047619 0.09160594684385381 0.13247473214285715
2 0.3297798089700997 0.6582651339285714 0.0863706146179402 0.12543997023809522
2 0.31636627906976744 0.7538095238095238 0.0961843853820598 0.1500595238095238
2 0.43349038205980067 0.7866354166666667 0.1210505315614618 0.15240178571428573
2 0.26729156976744184 0.8763188392857143 0.11319759136212623 0.19812422619047618
1 0.41222498338870434 0.8874565922619049 0.12563046511627907 0.18053818452380951
1 0.6680664451827242 0.8921448511904762 0.13348172757475082 0.18288291666666665
