0 0.71 0.368343 0.07333329999999999 0.13905299999999998
0 0.9333330000000001 0.8668640000000001 0.1333329999999999 0.2603549999999999
0 0.414167 0.07914931952662722 0.0616667 0.11687863905325445
0 0.9358330000000001 0.542899 0.12833300000000009 0.19822500000000004
0 0.313333 0.519231 0.12 0.3284020000000001
1 0.5070001166666668 0.10769230769230768 0.07180976666666666 0.12307692307692308
1 0.3544041666666667 0.18406613905325442 0.09223833333333334 0.12857186390532543
2 0.270214525 0.2895608579881657 0.09719095000000001 0.15274810650887574
2 0.3729758333333333 0.3302197781065089 0.10338166666666668 0.11978020710059172
1 0.068405 0.6109888017751479 0.12814333333333333 0.18901056213017753
2 0.501428575 0.5219773816568047 0.14114285000000001 0.17362511834319527
2 0.5825241666666666 0.24780177514792898 0.10523833333333334 0.10659171597633135
2 0.6168809500000001 0.1384617455621302 0.10090476666666666 0.11208834319526627
0 0.6654761916666667 0.05934065088757397 0.06561905 0.10989011834319526
2 0.7202616666666667 0.16098880177514793 0.08481000000000001 0.0956048224852071
2 0.6982858333333333 0.26483452662721896 0.12009500000000001 0.14285840236686392
2 0.9121666666666668 0.10769273668639051 0.08728666666666667 0.10109973372781064
2 0.9267141666666667 0.20604437869822487 0.107715 0.09560355029585799
1 0.9421905916666666 0.29944970414201183 0.11142881666666668 0.11978106508875738
2 0.9310472583333335 0.43791144970414203 0.13247548333333334 0.1571415976331361
2 0.7437858333333334 0.03406613905325444 0.07861833333333333 0.06373582840236686
