0 0.454243 0.447214 0.09650579999999999 0.173021
1 0.05121787853577371 0.2713950879765396 0.06917738768718802 0.09495897360703813
2 0.07649417637271215 0.356388724340176 0.0891314475873544 0.09613228739002933
2 0.18558202163061566 0.3118405718475073 0.08514211314475872 0.11254395894428153
1 0.26440432612312814 0.3499418181818182 0.07915474209650583 0.12309583577712609
2 0.02161730449251248 0.4759662756598241 0.039244592346089846 0.12661290322580646
2 0.05720458402662229 0.5562722580645161 0.11307805324459233 0.1793675073313783
2 0.14666915973377706 0.6711598973607038 0.14168108153078202 0.20281217008797656
2 0.35985514143094843 0.533411495601173 0.14234608985024957 0.15240328445747803
2 0.3714956322795341 0.39566196480938415 0.10043968386023294 0.15591947214076246
1 0.5331319883527454 0.6107854545454545 0.16695615640599 0.2415005865102639
2 0.2574201331114809 0.22626049853372435 0.07050748752079868 0.08909777126099706
1 0.33358142262895174 0.2889805425219941 0.07117282861896838 0.1652999120234604
2 0.4845746589018303 0.24267304985337246 0.07117347753743761 0.10551020527859238
1 0.5194956988352746 0.35521700879765394 0.10243565723793678 0.20867448680351908
1 0.5873428951747087 0.2696358797653959 0.0691777703826955 0.1359892375366569
1 0.6172755740432613 0.42672873900293257 0.09179241264559068 0.28370381231671554
1 0.6914417387687188 0.3165305278592375 0.10044098169717137 0.1313025806451613
2 0.7556300415973377 0.5058613782991203 0.12106041597337772 0.3763182991202346
2 0.8404392678868552 0.36342284457478 0.09778036605657238 0.1406792375366569
1 0.5371227287853577 0.15826464809384166 0.044566522462562395 0.09144137829912023
2 0.5743717304492513 0.21219208211143695 0.07782499168053245 0.12192082111436951
1 0.6372303410981697 0.1852292228739003 0.06518657237936772 0.09378788856304986
1 0.6901114475873544 0.2497066715542522 0.07250242928452579 0.12895615835777124
1 0.7908840099833611 0.2690503372434017 0.07582931780366056 0.11137146627565983
1 0.8294634858569051 0.23563879765395893 0.06518617304492512 0.10785436950146628
2 0.906290707154742 0.31242668621700875 0.08447682196339434 0.11606158357771261
2 0.9488612728785357 0.2813605865102639 0.0778248752079867 0.12192398826979471
2 0.31096582362728786 0.7966002199413489 0.17893024958402662 0.2567409090909091
1 0.3949891846921797 0.20769302052785923 0.07918635607321131 0.116484926686217
