0 0.588105453226976 0.4442469928825623 0.08122249456127628 0.1340449940688019
0 0.761421 0.609727 0.13342999999999997 0.22775800000000002
1 0.12720764684554023 0.43903840450771053 0.06951654097171864 0.10902639383155398
1 0.4228303335750544 0.33411506524317913 0.06306594633792603 0.11019928825622775
1 0.5923208919506889 0.386869650059312 0.05518272661348804 0.0937862040332147
1 0.5177881254532269 0.42966026690391457 0.0738160623640319 0.13716345195729537
1 0.6543121791153009 0.49472478054567026 0.07453298767222626 0.1336465243179122
1 0.25656492385786805 0.5345839739027284 0.09316601885424221 0.18288424673784107
1 0.3092394416243655 0.5861662277580071 0.11394951414068165 0.20398545670225388
1 0.3945222044960116 0.6359905812574139 0.12398277012327774 0.22860483985765123
1 0.48840491660623636 0.6998827758007117 0.1254160696156635 0.1594372953736655
