0 0.14232264307228915 0.4716840533188248 0.12788411144578313 0.23099850924918391
0 0.44295344879518067 0.42175841675734493 0.12066484939759035 0.19374099020674646
0 0.6208569126506025 0.4560357671381937 0.165012078313253 0.23845007616974973
2 0.5339827371987952 0.6049645375408054 0.24932282379518073 0.33333334058759523
0 0.7273551355421686 0.4404255440696409 0.10993768072289158 0.22553193688792164
1 0.8264951995481927 0.556737845484222 0.21005967620481927 0.42695085963003265
1 0.8721389307228915 0.3765957344940153 0.07558207831325302 0.14042550598476605
1 0.33864725150602415 0.41560300870511424 0.09815881024096385 0.1645393579978237
1 0.285641438253012 0.5049647279651795 0.22380146084337352 0.2609932861806311
2 0.222820015060241 0.6765957562568009 0.2984021385542168 0.3347519042437432
1 0.07999924698795181 0.5475174102285092 0.1521460843373494 0.27801414581066375
