0 0.301465160532498 0.30607495498614956 0.07109317149569302 0.10006200138504155
0 0.362842795614722 0.27910856301939063 0.059387235708692254 0.07030503462603878
0 0.3645324980422866 0.31938538781163434 0.07145810493343774 0.09735249307479224
0 0.4328528230227095 0.25704531855955676 0.055523813625685196 0.07856578947368421
0 0.48958840837901324 0.2570453601108033 0.05218962803445575 0.0802735457063712
0 0.5775030755677368 0.38837376385041555 0.09008923649177761 0.2053189542936288
0 0.48288646045418954 0.5038461530470913 0.13145185591229444 0.35054945290858724
0 0.40141861981205956 0.5805387742382272 0.09308469459671105 0.368592783933518
0 0.31480171104150356 0.44491905817174515 0.1265 0.16396260387811634
0 0.20182067345340643 0.635781163434903 0.0946335160532498 0.40051246537396124
0 0.29235024079874705 0.6848848060941828 0.1124980070477682 0.4679759002770083
0 0.1269827721221613 0.3872756232686981 0.09270242756460455 0.09649861495844875
0 0.18474509984338292 0.40222014542936285 0.09524600234925606 0.11101592797783932
0 0.06976820673453406 0.5288384903047092 0.10477290524667188 0.26427038781163437
0 0.6472132047768208 0.30856043975069253 0.06424234534064213 0.10815384349030471
0 0.4880351448707909 0.33328927977839334 0.10003011746280345 0.11053459833795015
0 0.8265956851996867 0.29590101800554014 0.08111472200469852 0.10503878116343489
0 0.8387382145653877 0.4345272299168975 0.11312482380579482 0.1705059833795014
0 0.7609316758026625 0.36763434903047093 0.08304581049334377 0.10845429362880887
0 0.711394398981989 0.4115384972299169 0.10313648786217698 0.13956037396121884
1 0.8794918226311668 0.39583333448753466 0.0663109749412686 0.14660493767313018
1 0.6513299843382929 0.5007714681440444 0.12651431480031325 0.18055540166204984
1 0.8127446534847298 0.5300927250692521 0.10906409162098668 0.19598738919667588
1 0.5601525978856695 0.7353393351800553 0.15530717697729055 0.5138891966759003
1 0.719386031714957 0.75 0.16839461628817542 0.4969141274238227
1 0.24648465152701643 0.34645071675900274 0.07067361002349257 0.10956809556786704
