0 0.042405501156515035 0.27754830769230765 0.08404010023130301 0.34410761904761905
0 0.7864302235929067 0.5901099963369963 0.19660755589822668 0.8080589963369964
0 0.635505001927525 0.3533089963369963 0.17848900154202005 0.5586339926739926
0 0.397648 0.19340700000000002 0.08442560000000003 0.16263700000000003
0 0.504941804163454 0.168085010989011 0.06344420200462607 0.13758846886446885
1 0.21235175212027757 0.21063815018315019 0.11867814572089437 0.1687940293040293
1 0.12278337895142637 0.3382978021978022 0.1739120393215112 0.3304959706959707
1 0.16607468195836547 0.43191471428571426 0.20675383577486506 0.4609925494505494
1 0.43216756746337703 0.3375885677655678 0.15973040092521204 0.3120565641025641
2 0.31535543562066304 0.6056737728937729 0.26348033924441017 0.7120567032967033
2 0.5000902081727062 0.6531915750915751 0.3388673862760216 0.6907802197802198
