0 0.6029468367850098 0.6322263157894736 0.22692751972386588 0.6174661772853186
0 0.4725838954635109 0.35145400277008315 0.13767320512820513 0.265235
0 0.27690922337278107 0.6426901731301938 0.24316644477317553 0.6063785872576177
0 0.7115935872781065 0.3720785768698061 0.1515145808678501 0.2865931509695291
0 0.41819811637080867 0.7478474307479224 0.2811342307692308 0.4280441828254848
0 0.8955132075936882 0.5461254605263157 0.16903078402366864 0.46494464681440445
2 0.11210704142011835 0.3326241655124654 0.10705712031558186 0.24255328947368424
2 0.2343140113412229 0.17446798130193905 0.10907733234714004 0.17021255540166205
2 0.31763674802761344 0.24751780470914125 0.11816698717948718 0.1773051108033241
2 0.3716704536489152 0.2978722472299169 0.1232166469428008 0.2326239265927978
1 0.357530692800789 0.12553180401662048 0.07877786489151874 0.14042531163434901
1 0.7095065039447731 0.2219857444598338 0.11614675542406312 0.146099148199446
1 0.8115139620315582 0.27588641274238224 0.11816697731755424 0.17730473684210524
