1 0.30207480162767036 0.6011677132486388 0.19193178026449642 0.4085611252268602
1 0.14340357070193285 0.6031134301270418 0.20610842319430314 0.373540834845735
1 0.4296661139369278 0.5525292468239564 0.18102703967446593 0.3385212885662432
2 0.898591027466938 0.3667313974591651 0.13086266531027468 0.24708166969147005
1 0.8315244150559512 0.2285998185117967 0.07088402848423195 0.15369691470054447
1 0.7813601220752797 0.23929945553539017 0.10141810783316378 0.19066061705989112
1 0.6488616480162768 0.3570035843920145 0.13304374364191252 0.20038847549909256
1 0.5599837029501525 0.3180934664246824 0.06434181078331637 0.21206352087114336
1 0.5065483214649034 0.37548635208711434 0.10796134282807732 0.3229582577132486
1 0.2088351983723296 0.4075880217785844 0.09923702950152594 0.25097277676950996
1 0.4967876653102747 0.13130144283121598 0.06571256358087488 0.11488894736842105
