2 0.45706237582005627 0.772679366940211 0.13155284910965326 0.4483130128956624
2 0.5924103936269914 0.6276373094958969 0.13576965323336457 0.18776406799531065
2 0.73956419868791 0.6413505275498241 0.1501049671977507 0.23206799531066824
2 0.7901617197750702 0.862341735052755 0.1855230646672915 0.2732063305978898
1 0.8222062511715089 0.794831184056272 0.20913602624179944 0.4040093786635405
2 0.8378074039362698 0.46202520515826495 0.11553045923149016 0.17510550996483001
1 0.9204493908153702 0.5342825322391559 0.1340834114339269 0.19303868698710436
2 0.7218553327085286 0.45675146541617817 0.10288164948453608 0.1308018757327081
2 0.6484891658856607 0.48734191090269635 0.04891107778819119 0.14767960140679953
1 0.37062558575445176 0.25158245017584996 0.06830646672914714 0.12974717467760843
2 0.49754040768509844 0.4029536928487691 0.07758272727272728 0.3544302461899179
