1 0.9262507042253522 0.4170592028135991 0.11172394366197183 0.210179366940211
1 0.8809573615023475 0.3496699003516999 0.09360640375586855 0.14703065650644784
1 0.7413026056338029 0.3638078194607268 0.08001841314553991 0.14326126611957796
1 0.7046904131455399 0.5146087514654162 0.12002762441314554 0.3713475615474795
1 0.5718296995305164 0.39915181711606096 0.0973809765258216 0.34967057444314187
2 0.5850400516431924 0.2629597245017585 0.052841962441314554 0.13006648300117232
2 0.6427891784037558 0.25353399765533413 0.08228267605633803 0.11121570926143025
2 0.7143396384976526 0.2584386166471278 0.07857330516431925 0.10970424384525206
2 0.5673315680751174 0.1882907385697538 0.06336503286384977 0.08966236811254397
1 0.509458220657277 0.18881887456037513 0.0659004600938967 0.11392379835873388
