2 0.33142292490118574 0.6323839662447257 0.17193675889328064 0.29430379746835444
2 0.5048418972332016 0.6160337552742616 0.17608695652173914 0.17932489451476794
1 0.7829051383399209 0.6693037974683544 0.19268774703557312 0.29852320675105487
2 0.9180830039525691 0.5453586497890295 0.12272727272727273 0.14345991561181434
1 0.8386363636363636 0.5300632911392406 0.13339920948616601 0.20780590717299577
1 0.7310276679841897 0.57542194092827 0.0841897233201581 0.2563291139240506
2 0.14199604743083005 0.7183544303797469 0.21640316205533597 0.47257383966244726
2 0.4105731225296443 0.43248945147679324 0.07885375494071147 0.12658227848101267
2 0.4900197628458498 0.435126582278481 0.07529644268774703 0.11286919831223628
1 0.5623517786561265 0.4467299578059072 0.06818181818181818 0.11708860759493671
1 0.6180830039525692 0.5627637130801688 0.12035573122529644 0.22046413502109705
