2 0.9437036688617122 0.4145569623971798 0.11062652869238006 0.20253164512338426
2 0.8765671919096896 0.35021092831962397 0.08275837253057385 0.14346063454759106
1 0.7900085983066792 0.34810164512338426 0.07515872060206961 0.1286921269095182
2 0.741028706491063 0.3676157461809636 0.05489084666039511 0.14451468860164512
2 0.7000714957666979 0.5216242420681552 0.10471495766698025 0.3554847708578143
2 0.7490510959548448 0.28111831962397177 0.07938040451552211 0.11075983548766158
2 0.7114717779868297 0.2579113689776733 0.0667140169332079 0.10232062279670975
2 0.6388471307619943 0.26002115158636896 0.0667140169332079 0.09810105757931845
1 0.5822671683913453 0.27004224441833136 0.06840263405456257 0.1118144535840188
2 0.5725554750705549 0.3349157109283196 0.08613646284101599 0.2457807990599295
2 0.35341369708372533 0.3971515863689777 0.10387063029162746 0.23734195064629848
1 0.14736108654750707 0.316455687426557 0.07178017873941674 0.20253163337250293
