1 0.22035816072629458 0.5706277053140096 0.2509460860793544 0.681614154589372
1 0.32835252521856084 0.3402463768115942 0.19726132481506387 0.3060531400966184
1 0.49315306993947544 0.28251109903381644 0.16979473436449227 0.311658961352657
1 0.5577621889710828 0.20179397342995167 0.14170343644922662 0.2713009420289855
1 0.6361048318762609 0.13396859903381642 0.134836738399462 0.20739855072463767
1 0.6663809683927371 0.12668178140096617 0.07178816408876933 0.19058329710144925
1 0.5817957464694015 0.6126683876811595 0.2709222932078009 0.5302695048309178
1 0.6985292669804976 0.461883309178744 0.24345525218560862 0.3991029468599034
1 0.8920450437121721 0.15078459541062803 0.15356425016812375 0.22757815217391303
1 0.8876752589105582 0.19170410628019324 0.1435761802286483 0.22197342995169084
1 0.8127659011432414 0.29035874396135264 0.1897701479488904 0.2780269082125604
1 0.7525265299260255 0.33520193236714974 0.22784942837928715 0.36322898550724636
1 0.26811283792871554 0.19674882850241546 0.17041857431069266 0.27690572463768115
