2 0.17959214795587283 0.5207401746724891 0.16859636599610645 0.4630043668122271
1 0.31087052887735234 0.36547078056768556 0.1259474561972745 0.2421523253275109
2 0.44681400713822195 0.22421528384279477 0.05531033744321869 0.10089694323144105
2 0.622740788449059 0.2931616320960699 0.10062484750162233 0.16031429039301312
1 0.38250746268656716 0.192264192139738 0.06130824140168722 0.10874454148471616
2 0.4981258922777417 0.21076200873362444 0.061974042829331596 0.09641266375545851
2 0.7383592731992212 0.38621069868995633 0.17859229072031146 0.23430567685589518
1 0.852311810512654 0.44562772925764194 0.18125827384815058 0.5056048034934498
1 0.9346109669046074 0.2572870087336245 0.08996301103179755 0.12892379912663757
1 0.6337360220635951 0.6132288864628821 0.3251976508760545 0.757847903930131
1 0.4228241401687216 0.6704034825327512 0.24723036988968206 0.6547083187772925
