1 0.3803345350172216 0.5735122012102875 0.17976206659012628 0.2532089712556732
1 0.34801277841561423 0.23337242813918305 0.08855308840413317 0.14469039334341907
1 0.4299239954075775 0.26721104387291983 0.0823540757749713 0.14702420574886538
2 0.5012089552238806 0.3354727685325265 0.1222020665901263 0.1901981845688351
1 0.5964034098737083 0.2905482602118003 0.08943827784156143 0.14002299546142208
1 0.881986469575201 0.396732791225416 0.07438396096440873 0.17969662632375188
1 0.9165218140068886 0.5280052950075643 0.16470838117106776 0.2765461422087746
2 0.6322671469575202 0.36697768532526476 0.10449211251435132 0.1948661119515885
1 0.5600964695752009 0.5332559001512859 0.19393117106773824 0.20069939485627836
1 0.3028507462686567 0.3658109682299546 0.1310585533869116 0.14352393343419062
1 0.4024725315729047 0.4177366414523449 0.16028042479908153 0.17269615733736762
1 0.17489188863375432 0.39031489409984876 0.11777535017221584 0.20186730711043874
1 0.23023744546498276 0.3168024810892587 0.08323952927669347 0.13652211800302572
1 0.26211637198622273 0.47257866868381243 0.1239739150401837 0.17969591527987896
1 0.04958958668197474 0.4323223449319213 0.09917917336394948 0.18786405446293494
1 0.08722445464982778 0.5373396369137671 0.16913547646383467 0.25554160363086237
1 0.17754841561423654 0.6271876475037821 0.1850753846153846 0.27187907715582454
1 0.3378290355912744 0.8156361573373676 0.29665191733639495 0.3570605143721634
1 0.5583256314580941 0.7117851059001513 0.23466504018369688 0.3780634039334342
1 0.7323321699196326 0.6289381618759455 0.22492381171067738 0.2613768986384266
