1 0.1985862068965517 0.38448108925869895 0.1578045977011494 0.3022178517397882
1 0.3094045977011494 0.4177362178517398 0.14007356321839082 0.24970844175491677
1 0.6250155172413794 0.6056006051437217 0.2606448275862069 0.3873978819969743
1 0.781933867816092 0.528587745839637 0.12943555172413793 0.28004689863842663
1 0.8829998045977011 0.6423569818456883 0.23050154022988506 0.31155208774583965
1 0.7881395689655174 0.40373429652042364 0.18262856321839083 0.240374069591528
1 0.08599490804597702 0.5560096066565808 0.14716682758620692 0.25320832072617244
1 0.20434877586206895 0.649941686838124 0.23316191954022986 0.25670939485627836
1 0.15558902298850574 0.8302223903177005 0.27571620689655174 0.32788804841149777
1 0.4224392528735632 0.7607934947049925 0.3040854022988506 0.3780620272314675
1 0.5359173850574712 0.3389729046898638 0.09486005747126437 0.17852922844175492
1 0.05657873563218391 0.6808509833585477 0.11100114942528735 0.34893645990922845
