1 0.8353246392333709 0.4608861909448819 0.10633832018038332 0.14891659448818897
1 0.8042869560315671 0.5032982283464567 0.1025602480270575 0.15834055118110235
2 0.8048268432919955 0.6786053149606299 0.13818581736189403 0.3543838582677165
2 0.6852632468996618 0.5080109842519684 0.08042953776775648 0.12252527559055118
2 0.486080777903044 0.520263779527559 0.07934915445321308 0.11687007874015748
1 0.07557034949267193 0.46936825787401576 0.05073979706877114 0.09990521653543306
2 0.09392316798196167 0.498586279527559 0.06477531003382188 0.10179066929133858
1 0.04102423900789177 0.6526857086614174 0.08096843291995491 0.3779462204724409
2 0.16895411499436302 0.5108388287401575 0.06909289740698986 0.13195100393700787
2 0.12145263810597519 0.6701222736220472 0.09716232243517475 0.3562681692913386
2 0.21348682074408118 0.7285579035433071 0.10849788049605412 0.4165882480314961
2 0.3279223280721533 0.7737983070866141 0.14088515219842165 0.42601318897637797
2 0.5902601916572717 0.6508010039370078 0.15168094701240134 0.2497641338582677
