2 0.0942398190045249 0.8698946564885497 0.1884796380090498 0.2532091603053435
2 0.0626823190045249 0.7514587022900764 0.12363613122171946 0.24970854961832062
2 0.38863121040723986 0.6744457404580152 0.18761475113122172 0.2683780763358779
1 0.42797010746606334 0.4795796870229007 0.1141253959276018 0.21003451908396947
2 0.8330287104072398 0.5169191526717557 0.14438601809954751 0.1680273435114504
1 0.9648782183257918 0.5600936488549618 0.0674381334841629 0.2100356030534351
2 0.8248150735294117 0.5758460458015268 0.11412535067873303 0.18086363358778626
2 0.7392210237556561 0.6470241755725191 0.16254211538461538 0.1855302748091603
2 0.6778357126696832 0.723454213740458 0.17637608597285068 0.24037401526717556
2 0.8844711538461538 0.7298712671755726 0.22652149321266968 0.2415410076335878
2 0.6324444117647059 0.8576426564885496 0.2550523529411765 0.2520425648854962
2 0.8667477375565611 0.8693114503816793 0.24813574660633483 0.254375572519084
2 0.19885478506787332 0.6616102671755725 0.17983389140271494 0.17502917557251907
