1 0.3328792376681614 0.586931358778626 0.12424053811659193 0.2077008854961832
2 0.20178388452914797 0.6231040076335878 0.18764624439461883 0.30338358778625957
2 0.08182791479820628 0.76546106870229 0.16022757847533634 0.1960335877862595
2 0.2553357118834081 0.7596267175572519 0.2347723206278027 0.289381679389313
1 0.11010257847533632 0.8990664122137405 0.21849215246636772 0.2018671755725191
1 0.7810020123318385 0.5799297404580154 0.17736368834080715 0.189032
2 0.7630088004484304 0.6610267709923664 0.11567230941704036 0.17852987786259542
2 0.9425152578475336 0.6581095267175572 0.10624751121076233 0.21937019847328243
1 0.6738981446188341 0.7275381755725191 0.18079180493273542 0.22753741984732825
1 0.5993538677130045 0.8313883282442748 0.21335123318385651 0.25554306870229004
1 0.8384097533632286 0.8156358778625954 0.2407701793721973 0.29405038167938935
1 0.39842713004484304 0.6936991526717556 0.12852466367713006 0.2228700610687023
