1 0.8795518860877684 0.2874650079617834 0.061344668534080306 0.12064020700636943
1 0.8549585947712417 0.3072569506369427 0.07737190476190475 0.12252664012738854
1 0.8358921568627451 0.3308203423566879 0.08124089635854342 0.1357203025477707
1 0.7880872829131652 0.38642789808917194 0.12047895424836602 0.17342130573248407
1 0.7270186741363212 0.42130028662420377 0.09671521942110177 0.18473063694267516
1 0.6695425536881419 0.47879352707006373 0.13650592903828196 0.20169638535031847
1 0.8195884593837535 0.6597552707006369 0.11495282913165267 0.4015073566878981
1 0.7449803921568627 0.762016719745223 0.18900840336134453 0.38548566878980894
1 0.5952100840336134 0.5400568391719744 0.12711111111111112 0.22997230891719744
1 0.5286153127917834 0.6771910828025477 0.1674547152194211 0.4326114649681529
1 0.5297207236227826 0.28369506369426756 0.0945040056022409 0.1338359872611465
1 0.40371495798319335 0.33977388535031844 0.07902946778711484 0.1555127388535032
1 0.5181148506069094 0.4184730573248408 0.08345097105508871 0.21489146496815287
1 0.3785692530345472 0.5216776592356688 0.12932151260504202 0.3119698407643312
1 0.3266197852474323 0.3788876194267516 0.07295090569561158 0.16588081210191083
1 0.2735646591970121 0.6399619426751593 0.1569542670401494 0.44863407643312103
1 0.14700636788048554 0.45523059713375796 0.1226894117647059 0.20735090764331213
1 0.9370280112044818 0.4509893391719746 0.12324183006535946 0.24787995222929937
1 0.4059255088702147 0.2785108439490446 0.08345056956115779 0.1573986942675159
1 0.20199560690943044 0.27615449840764333 0.06466051353874884 0.1432612261146497
1 0.2868284033613445 0.33694585987261144 0.06521340802987861 0.16305414012738853
1 0.8383811391223156 0.6063833757961784 0.16634584500466854 0.34184318471337577
