1 0.76963312849162 0.49708305851063833 0.07598327746741154 0.12835515957446808
1 0.8392895391061452 0.5810967819148937 0.09274308193668529 0.20303398936170214
1 0.553633137802607 0.48249748226950356 0.05453629422718809 0.13185609929078013
1 0.688441717877095 0.5775964095744681 0.07169384543761638 0.1610265425531915
1 0.5885609776536312 0.5840132978723404 0.08517409683426443 0.20186702127659573
1 0.4672335893854748 0.49533233156028367 0.05453654562383612 0.13418948581560283
1 0.4338378212290503 0.5571758333333333 0.07843422718808193 0.14819209219858157
1 0.5046122998137803 0.6108516843971631 0.09375325884543761 0.17853000000000002
1 0.3345697811918063 0.5694278723404255 0.08946358472998138 0.17269617021276595
1 0.3887993994413408 0.7701283510638298 0.10600827746741155 0.4550758510638298
1 0.4669267923649907 0.8028003368794326 0.13603421787709497 0.38973187943262416
1 0.5805949953445065 0.7946327836879432 0.13542090316573557 0.40606698581560285
1 0.6771054469273744 0.7444575975177304 0.12622951582867784 0.40840101063829787
1 0.7831138081936685 0.7543758333333334 0.13725927374301677 0.40490060283687945
1 0.14934823091247673 0.8361702127659575 0.18845437616387337 0.2624113475177305
