1 0.9214276018099548 0.535589802130898 0.09105882352941176 0.1283546423135464
2 0.8516159502262443 0.5548424657534247 0.09539479638009049 0.14352359208523593
1 0.9491787330316743 0.7065341171993911 0.09973076923076923 0.2368734094368341
1 0.7276025678733031 0.5822637747336378 0.16477300904977374 0.179696499238965
1 0.5832098416289593 0.6289379756468798 0.15349886877828056 0.21236910197869102
1 0.5042919852941177 0.613185692541857 0.08238661764705882 0.1668614916286149
1 0.39155271493212673 0.5414237823439878 0.10840361990950226 0.15402610350076104
1 0.2107356504524887 0.5740956849315069 0.13008442307692308 0.15169194824961948
1 0.25539779411764707 0.6546091019786909 0.24195554298642533 0.22170362252663622
2 0.39155269796380093 0.7794634703196346 0.2853176809954751 0.44107305936073066
1 0.7475488009049773 0.8004669406392695 0.3902516968325792 0.3943994520547945
1 0.07718325791855203 0.7106187214611872 0.152631221719457 0.4177366818873668
