2 0.45097249712973597 0.1715283761329305 0.08780012629161883 0.11435282477341391
2 0.51083607347876 0.20186681268882176 0.08336574052812859 0.10968528700906345
1 0.6740199942594719 0.28179682779456194 0.12416207807118254 0.13885649546827794
1 0.7418648851894374 0.27187915407854985 0.0771580137772675 0.13068882175226587
1 0.734327009184845 0.16102643504531722 0.07272370838117106 0.1750287009063444
1 0.8021719862227326 0.3360559818731118 0.13569047072330656 0.1820303927492447
1 0.9485052123995408 0.29988299848942596 0.10021575200918484 0.13302279456193353
1 0.905048794489093 0.4486578549848942 0.18712858783008038 0.24387462235649546
1 0.07139288748564868 0.19953361027190333 0.06828885189437428 0.09334818731117825
1 0.10332034443168771 0.23453891238670693 0.0682892766934558 0.11435274924471299
1 0.1915632893226177 0.2082847432024169 0.06740154994259472 0.14352416918429003
2 0.14101186567164178 0.2975496374622356 0.10287638346727898 0.19136513595166163
1 0.39332599311136623 0.2765460725075529 0.08425244546498278 0.12368731117824773
1 0.17959051664753156 0.3728120921450151 0.13391655568312283 0.16452750755287007
1 0.3498696613088404 0.3372225528700906 0.11263266360505166 0.1773635347432024
1 0.27049451205510905 0.5752623716012084 0.16318420206659012 0.48774830815709974
1 0.4483119747416763 0.42998820996978854 0.146333570608496 0.1621939425981873
1 0.565821739380023 0.3809801737160121 0.15608894374282434 0.17619599697885197
1 0.3516431056257176 0.5945155287009063 0.24211514351320323 0.22287093655589124
1 0.5538489380022962 0.5303384818731117 0.1853557405281286 0.2532086858006042
1 0.702399730195178 0.4836642220543807 0.19333677382319175 0.236872250755287
1 0.48822078071182545 0.8016336858006041 0.2563047072330654 0.38739728096676734
1 0.715259104477612 0.6785302114803625 0.25985230769230766 0.32322054380664655
1 0.8975105912743973 0.6312722280966767 0.19511073478760046 0.2497075981873112
