1 0.9576687904360056 0.2470738564476886 0.05863288326300985 0.11443379562043797
1 0.828375900140647 0.2262680596107056 0.1037348382559775 0.11443468369829683
1 0.36946181786216603 0.1651496472019465 0.0834392334739803 0.10143063260340632
0 0.30857379043600563 0.1423926581508516 0.04585382559774964 0.10533147201946472
1 0.28000896272855136 0.22886877737226277 0.09546590014064697 0.17165173965936742
1 0.21987304149085796 0.19375826642335767 0.05938471870604782 0.11183383211678831
1 0.16086431082981717 0.2503249756690997 0.09621793248945147 0.11573447688564477
1 0.09133189873417723 0.255526903892944 0.08644590717299579 0.09232818734793188
1 0.03720921237693389 0.31989579683698294 0.07441842475386778 0.1378410097323601
2 0.06276722925457102 0.4674899939172749 0.12553445850914205 0.19895918491484185
2 0.13643413150492265 0.6710011496350365 0.20972526722925458 0.551365097323601
1 0.2003288045007032 0.3686607238442822 0.13756180028129394 0.1547466788321168
1 0.3127080801687764 0.5416123114355231 0.14733348804500704 0.4486342579075426
1 0.33713852672292544 0.2886866058394161 0.12403096343178621 0.17685306569343065
1 0.5423533192686357 0.26527938564476883 0.11501066104078762 0.1118331508515815
1 0.4389941420534458 0.39791961678832116 0.12628597749648385 0.2990902068126521
1 0.9208353551336145 0.3055916788321168 0.09321114627285512 0.1430429197080292
2 0.8388995991561182 0.3777635218978102 0.1322992545710267 0.17295227493917276
1 0.7148687974683544 0.3543563199513382 0.13831303797468356 0.1443433211678832
1 0.5938448558368494 0.46163868613138687 0.17890522503516174 0.2522749391727494
1 0.7633535900140647 0.5253573357664233 0.17364303094233474 0.2132634306569343
1 0.4164430731364276 0.601430401459854 0.22250388185654008 0.2535761313868613
1 0.6145166315049226 0.7126138199513382 0.20371132208157525 0.3146944768856447
