2 0.41635923189823876 0.19518347826086957 0.15420717221135027 0.2674417391304348
1 0.2074787084148728 0.17026599130434783 0.15888015655577298 0.2541532347826087
1 0.09112230919765166 0.34302260869565215 0.1803757338551859 0.39036521739130436
1 0.41776097847358123 0.32225913043478255 0.1327117808219178 0.24252521739130434
1 0.2509370890410959 0.3745844695652174 0.2158898336594912 0.3205985043478261
2 0.7905564138943248 0.2205125043478261 0.13993413894324852 0.16410194782608695
2 0.6033765753424657 0.23205168695652176 0.24452473581213308 0.2435905391304348
2 0.8143595645792563 0.2814106347826087 0.19042568493150686 0.21666742608695652
2 0.8926217318982388 0.5224357217391304 0.2113436203522505 0.42948681739130434
2 0.627540053816047 0.46089720869565215 0.33180247553816045 0.3961534086956522
2 0.2571472455968689 0.6179487826086957 0.4032126516634051 0.44871808695652177
2 0.5510814285714285 0.725 0.42845835616438355 0.5294886956521739
1 0.8999980430528376 0.33235652173913044 0.199853228962818 0.3599060869565217
