1 0.595219175955414 0.06136024844720498 0.05441992834394904 0.12603726708074536
1 0.4583188694267516 0.1011605201863354 0.05782085987261147 0.0796013198757764
1 0.36053264331210194 0.10945246118012422 0.05782165605095541 0.10281868012422361
1 0.396207300955414 0.11522208850931677 0.06070482484076433 0.12473594720496894
1 0.31653218949044587 0.16701893633540374 0.06070472929936306 0.11627889751552796
1 0.2831986106687898 0.13424947204968943 0.06233048566878981 0.11205074534161491
1 0.23387632165605093 0.19344583850931676 0.06991933121019109 0.15010521739130436
1 0.20108456210191084 0.1712476397515528 0.0682926592356688 0.11205130434782609
1 0.09674816480891721 0.20295961956521738 0.0818428423566879 0.12262113354037268
1 0.09593527468152867 0.2811838897515528 0.10298136146496815 0.16279060559006212
1 0.13983790605095542 0.3699787111801242 0.10189743630573249 0.249471149068323
1 0.22141015525477709 0.25687114906832303 0.09485166401273885 0.12473596273291926
1 0.2734426751592357 0.30074031055900624 0.10677547770700638 0.21670260869565217
1 0.37506912420382166 0.24101510093167702 0.07696525477707007 0.15856296583850932
1 0.4642292157643311 0.19503156832298135 0.06991895700636942 0.12156419254658385
1 0.7712761743630574 0.17811826863354036 0.05311644108280255 0.10253675465838509
1 0.7062353264331211 0.144820450310559 0.05636851910828026 0.10148021739130436
1 0.6008150796178344 0.13900638198757764 0.05582684713375796 0.09408040372670808
1 0.6506799363057325 0.1781186102484472 0.055826433121019106 0.11522240683229815
1 0.5162619108280254 0.2721987267080745 0.0883471974522293 0.1575052795031056
1 0.5891619307324841 0.3631078027950311 0.1018974761146497 0.32663843167701867
1 0.41165470143312105 0.337208998447205 0.10460779458598726 0.16279007763975156
1 0.46964919585987264 0.417018951863354 0.13062358280254777 0.28012669254658384
1 0.2704614888535032 0.4117337344720497 0.12466141719745222 0.19556048136645962
1 0.3336054777070063 0.602536847826087 0.15772414012738853 0.545454254658385
1 0.5379420183121019 0.6516910248447205 0.13821150477707006 0.29492540372670806
1 0.9772388535031847 0.22991553571428572 0.03252070063694267 0.1342496739130435
1 0.9127402229299364 0.2008457065217391 0.048780700636942675 0.11205082298136645
1 0.869108638535032 0.24471495341614907 0.06341488853503185 0.13425021739130433
1 0.9558296417197452 0.27589820652173913 0.07425472929936307 0.14376259316770187
1 0.9021709156050954 0.337209301242236 0.0861788694267516 0.1839323291925466
1 0.7663982285031847 0.3720930434782609 0.08238507165605095 0.20295987577639754
1 0.8775097412420382 0.4281182686335404 0.07371300159235669 0.22198706521739128
1 0.67886412022293 0.4503169953416149 0.1447160270700637 0.27484116459627334
1 0.8094878184713377 0.5861519720496895 0.1642281847133758 0.364692950310559
1 0.6953953622611465 0.6960887888198758 0.17994653662420382 0.3245242857142857
1 0.7305120660828025 0.20164799689440993 0.06141585191082803 0.15054872670807454
1 0.6674056847133758 0.23791226708074537 0.07155805732484076 0.1615388198757764
