1 0.7240109523809524 0.2302529820261438 0.17807142857142857 0.1833077614379085
1 0.5997955047619047 0.32190798202614374 0.1902318476190476 0.33681148692810453
1 0.1750304761904762 0.1795824019607843 0.16938476190476193 0.19821101307189543
1 0.04820969523809524 0.2630400408496732 0.08773299047619049 0.23397874183006534
1 0.12638700952380952 0.45230998366013075 0.17285999999999999 0.3800298039215686
1 0.5003364285714286 0.4031296568627451 0.17720238095238094 0.2697466339869281
1 0.36005095238095236 0.49180353758169937 0.22845238095238096 0.2533537091503268
1 0.09511625714285714 0.7160955555555556 0.1867579619047619 0.4754101960784313
1 0.6506109476190476 0.5677437336601306 0.23279524761904763 0.271105931372549
1 0.8052289857142858 0.49627429738562095 0.15809263809523807 0.2503727450980392
1 0.5902403619047619 0.7593142238562092 0.4091288 0.45156436274509804
