1 0.407867 0.6730589999999999 0.13358000000000003 0.28571399999999997
1 0.044878600000000005 0.43768 0.0897571 0.232982
1 0.5850774973600845 0.8911790028763182 0.21632900739176347 0.21764099712368168
1 0.19124831045406546 0.5393099952061361 0.11063878563885955 0.25791000000000003
1 0.364572 0.8269410000000001 0.16525900000000004 0.24448700000000015
1 0.3140071409714889 0.894535 0.2468102798310454 0.21093
1 0.575502 0.7972199999999999 0.15945099999999998 0.24256999999999995
1 0.5736540021119325 0.5567255560882071 0.11245999999999999 0.17768812080536914
1 0.9049256494192186 0.7329819990412272 0.1593753009503696 0.40939600191754555
1 0.11378 0.699425 0.13041199999999997 0.4266540000000001
1 0.5649181626187961 0.6297466011505273 0.12605385427666316 0.1645574400767018
1 0.9634105068637805 0.526898849472675 0.06912618796198522 0.14873346116970276
