2 0.785156 0.439352 0.10468699999999996 0.17685200000000004
1 0.73151 0.3601849999999999 0.0703125 0.14259299999999997
1 0.347135 0.44814800000000005 0.07135420000000003 0.35000000000000003
2 0.861458 0.434259 0.09583329999999997 0.16296300000000005
1 0.171875 0.43518499999999993 0.078125 0.22037000000000004
1 0.927865 0.658333 0.14427100000000007 0.43148100000000006
1 0.639844 0.738889 0.19531199999999985 0.509259
1 0.403125 0.4708743101851852 0.103125 0.25656362037037034
1 0.148177 0.786574 0.219271 0.42685200000000006
1 0.03634626302083333 0.3080171296296296 0.06852582812500001 0.11603325925925927
1 0.510677 0.514352 0.13489599999999993 0.25462999999999997
2 0.44322899999999993 0.357407 0.06458330000000002 0.13518500000000006
1 0.7567710000000001 0.724074 0.186458 0.47037
1 0.223698 0.576852 0.12656299999999998 0.266667
1 0.20797083333333335 0.25316481481481484 0.051621875000000005 0.1856537037037037
1 0.2753776041666667 0.3214287962962963 0.07603020833333334 0.20989055555555555
