1 0.8890630000000002 0.548148 0.139583 0.26481499999999997
1 0.5931995833333334 0.5352379907407406 0.11660716666666666 0.2797349814814815
1 0.44590585416666667 0.3910221527777778 0.09790347916666667 0.13647469444444446
1 0.946354 0.403704 0.08645830000000009 0.1481480000000001
1 0.559375 0.45787000000000005 0.09479170000000003 0.17314800000000005
1 0.4298454765625 0.548611 0.15969195312499998 0.249074
1 0.444271 0.441204 0.09791669999999998 0.15648099999999995
1 0.3743933776041667 0.7022913842592592 0.1720462447916667 0.2916197685185185
1 0.6119063958333334 0.6795299398148148 0.19493620833333333 0.34980087962962964
1 0.1898936953125 0.42695046296296296 0.11329802604166667 0.18723425925925927
1 0.134042515625 0.5978722916666666 0.12287226041666667 0.36737578703703705
1 0.5716756249999999 0.3943265185185186 0.08218104166666666 0.12765925925925928
