2 0.424622 0.54951 0.10224299999999999 0.45784299999999994
2 0.5495569999999999 0.301471 0.07563899999999998 0.13431399999999996
2 0.445488 0.266176 0.045905100000000074 0.14215699999999998
1 0.0837246 0.6 0.160146 0.36666700000000013
1 0.353417 0.425 0.0725091 0.291176
2 0.14397500000000002 0.80098 0.19092300000000004 0.3921570000000001
1 0.47417799999999993 0.362255 0.06364109999999995 0.15784299999999996
2 0.159103 0.392647 0.07511739999999999 0.177451
2 0.764476 0.372059 0.07355240000000005 0.16372499999999995
1 0.349765 0.792157 0.23734999999999998 0.3980390000000001
2 0.777517 0.659314 0.15910300000000005 0.28529399999999994
2 0.805425 0.47548999999999997 0.0928534000000002 0.14902
2 0.6447570000000001 0.757843 0.16797100000000012 0.47450999999999993
2 0.6937263615023475 0.4245779411764706 0.09878306207616067 0.2141343137254902
2 0.6185165910276473 0.364979 0.0976606103286385 0.2215187843137255
2 0.5155239958268127 0.25 0.04097287428273344 0.08438823529411764
2 0.4094446061554512 0.22468382352941177 0.056688252477829944 0.09915588235294118
2 0.22310354720918102 0.2231014705882353 0.05332029212310903 0.09388137254901961
