2 0.262406 0.335106 0.05663430000000003 0.151064
1 0.731392 0.530319 0.1046389999999999 0.188298
1 0.275351 0.527128 0.10409899999999994 0.2563830000000001
1 0.39080827939590074 0.42766000000000004 0.1159034412081985 0.18723399999999998
1 0.3427004881337648 0.3397054255319149 0.06432983279395901 0.1623888510638298
1 0.7373250000000001 0.2989359999999999 0.08306360000000004 0.12553199999999998
1 0.261866 0.334574 0.05663430000000007 0.15
1 0.692017 0.414362 0.0798274000000002 0.18829800000000005
1 0.06661269999999998 0.7590430000000001 0.13214699999999996 0.4819150000000001
2 0.7931500000000001 0.714362 0.1429339999999999 0.34787199999999996
1 0.211974 0.420745 0.09061490000000004 0.18617000000000006
2 0.6437430000000001 0.767021 0.16774500000000006 0.27659600000000006
