1 0.4474 0.605 0.17848700000000006 0.382
1 0.532506 0.433 0.14775399999999989 0.402
1 0.6649507978723406 0.509 0.19751459810874705 0.222
1 0.719267 0.726 0.22103999999999993 0.476
1 0.0821513 0.586 0.161939 0.36800000000000005
1 0.09692669999999999 0.811 0.19385299999999997 0.3579999999999999
1 0.37825100000000006 0.851 0.22458599999999998 0.294
1 0.208629 0.721 0.173759 0.31
1 0.8659516607565012 0.62130841 0.15585840425531916 0.35443117999999996
1 0.5335390070921986 0.815385 0.22666430260047282 0.36263799999999996
