1 0.552301 0.780197 0.26778199999999996 0.4199440000000001
1 0.33002099999999995 0.5358150000000002 0.16840999999999995 0.24016900000000002
2 0.708159 0.576545 0.196653 0.31039299999999986
2 0.25523 0.337079 0.12552299999999997 0.19662900000000003
1 0.875 0.5582859999999998 0.132845 0.4339889999999999
1 0.447176 0.45646099999999995 0.10355599999999998 0.19101100000000004
2 0.570084 0.382022 0.11297099999999992 0.16292099999999995
2 0.621339 0.46278100000000005 0.14225899999999997 0.22050600000000004
2 0.131276 0.688905 0.214435 0.31881999999999994
1 0.5016062238493724 0.5633058778089888 0.16851140167364018 0.31535734550561795
