1 0.40762099999999996 0.39117 0.17552000000000006 0.289528
1 0.15011500000000003 0.4974919199178645 0.27251699769053117 0.3214718480492813
1 0.67552 0.265914 0.15704399999999996 0.416838
1 0.49749814087759814 0.3613959958932238 0.2451887297921478 0.6940450102669404
1 0.8030410854503465 0.10592810061601644 0.14680482678983833 0.19953620123203286
1 0.10118428406466513 0.18791754620123202 0.16541676674364897 0.24441809034907597
1 0.274827 0.16324400000000003 0.12240200000000001 0.20328500000000002
1 0.3385738221709007 0.2566740143737166 0.16580736720554273 0.31211501026694044
1 0.9024250000000001 0.428131 0.1951499999999999 0.49076
1 0.642032 0.76694 0.2794460000000001 0.466119
1 0.2449528002309469 0.10985600616016428 0.0782232909930716 0.17453800821355236
1 0.0978783025404157 0.3699783059548255 0.19575681293302538 0.37708741273100616
1 0.157621 0.709446 0.315242 0.572895
1 0.6759538106235565 0.0448305954825462 0.10736951501154735 0.09177207392197125
1 0.2215434468822171 0.8857146201232032 0.28612153579676675 0.2241765092402464
1 0.7394051963048498 0.08076933264887064 0.11679653579676674 0.15714305954825464
1 0.7950223614318707 0.38076919917864477 0.1699431062355658 0.3989010266940452
