2 0.395648 0.602391 0.17986400000000002 0.242204
1 0.52753 0.612786 0.206607 0.339917
2 0.933928 0.738566 0.1321450000000001 0.34615399999999996
2 0.363136 0.502599 0.09701099999999997 0.17775499999999989
1 0.934452 0.7380460000000001 0.13109600000000016 0.34303500000000003
2 0.37991600000000003 0.734927 0.210278 0.513514
2 0.528055 0.612786 0.20346100000000006 0.337838
2 0.18012600000000004 0.602911 0.20083900000000005 0.380457
2 0.07708440000000001 0.4994799999999999 0.14997400000000002 0.23388799999999998
1 0.7467230000000001 0.658524 0.235973 0.3399170000000001
