2 0.355895 0.817498 0.1834060000000001 0.27657599999999993
1 0.866812 0.769991 0.21724900000000003 0.444967
1 0.2756457996724891 0.6124378645343368 0.1648276037117904 0.39326773283160865
1 0.463148125 0.3885715710253998 0.08898764737991267 0.163785136406397
1 0.195961 0.44167499999999993 0.09606989999999999 0.17591699999999996
1 0.595797 0.859831 0.19268599999999997 0.2803390000000001
1 0.896561 0.48635900000000004 0.11954099999999986 0.18438400000000002
1 0.782478 0.544685 0.12063299999999998 0.19002800000000003
1 0.722435 0.595484 0.08569870000000003 0.195673
1 0.18477099999999996 0.84619 0.201419 0.3057379999999999
1 0.12199800000000001 0.5206959999999999 0.1381 0.29444999999999993
1 0.6495630000000001 0.6970839999999999 0.15283799999999997 0.419567
