2 0.584488 0.316239 0.08199449999999993 0.16666700000000004
1 0.184211 0.393697 0.10914099999999999 0.19765000000000002
1 0.791413 0.40438 0.08808860000000017 0.163462
1 0.40637100000000004 0.38835499999999995 0.0980609 0.20406
2 0.660665 0.319444 0.0703601 0.15598299999999996
1 0.603324 0.5 0.15734099999999998 0.271368
1 0.242382 0.314637 0.06814399999999998 0.152778
1 0.43130199999999996 0.30219504807692305 0.06149580055401662 0.1776609081196581
1 0.360665 0.25 0.05318559999999992 0.153846
1 0.732964 0.528846 0.11634300000000004 0.21153799999999995
2 0.0614958 0.765491 0.122992 0.469017
1 0.7434899999999999 0.276709 0.08753459999999988 0.12393199999999999
1 0.3817169999999999 0.520299 0.10193900000000002 0.22008500000000003
1 0.335734 0.677885 0.16952900000000007 0.327991
1 0.9289292520775622 0.7064992467948717 0.145152 0.3269230021367521
1 0.857341 0.49839700000000003 0.13573400000000005 0.25747900000000007
1 0.62964 0.715812 0.18005500000000008 0.311966
2 0.7873102132963989 0.696580998931624 0.15792543490304708 0.33119699786324786
1 0.18254800000000002 0.7462610000000001 0.13684200000000002 0.5074790000000001
2 0.682271 0.396902 0.09362880000000003 0.1805559999999999
0 0.12117287534626038 0.5239476495726496 0.09483098060941828 0.21770726495726495
