1 0.593243 0.19367600000000001 0.07071769999999983 0.11857699999999999
1 0.5372179177579884 0.25 0.06228596647459403 0.13438699604743082
1 0.273704 0.410079 0.09586170000000005 0.17588899999999993
1 0.904662 0.226779 0.06076480000000014 0.13142299999999998
1 0.422211 0.21343900000000002 0.07962280000000001 0.21343900000000002
1 0.650602 0.17144300000000004 0.06076480000000002 0.10573100000000002
1 0.861184 0.255929 0.09533790000000003 0.134387
1 0.7089073939235202 0.29248999999999997 0.08244800942902043 0.28458500000000003
2 0.928235 0.342885 0.0974332 0.142292
1 0.364851 0.6007909999999999 0.11681500000000004 0.355731
1 0.578313 0.422431 0.11210100000000006 0.376482
1 0.7870609999999999 0.605237 0.16919899999999996 0.30731200000000003
1 0.35397276060764793 0.14609683794466405 0.06374855945521216 0.09599209486166009
