2 0.535156 0.35138900000000006 0.06197919999999986 0.13055599999999998
1 0.471615 0.463426 0.09218750000000006 0.2750000000000001
1 0.41432300000000005 0.399537 0.07447919999999998 0.175
1 0.36796899999999994 0.6398149999999999 0.16718700000000003 0.52037
1 0.8429690000000001 0.4504278657407408 0.138021 0.1898852685185185
2 0.7720824244791665 0.5067278564814814 0.11604084895833333 0.17641771296296296
1 0.6226559999999999 0.37963 0.08281249999999989 0.12592599999999998
1 0.06770830000000001 0.620833 0.13437500000000002 0.389815
1 0.276302 0.479167 0.11927100000000003 0.193519
2 0.670833 0.688426 0.1479170000000001 0.49722200000000005
1 0.8773440000000001 0.713889 0.18281199999999995 0.442593
1 0.196875 0.6375 0.13229200000000002 0.599074
1 0.5750294270833334 0.4923800925925926 0.15694635416666666 0.3048064814814815
