2 0.37461 0.267241 0.09989590000000002 0.23040800000000006
1 0.7866809999999999 0.48040800000000006 0.16857399999999995 0.23040800000000008
2 0.294485 0.560345 0.10197699999999997 0.202194
2 0.720604 0.691223 0.20915699999999998 0.467085
1 0.261186 0.3064259999999999 0.11446399999999998 0.21159899999999998
2 0.562435 0.804859 0.2216439999999999 0.37774299999999994
1 0.11654500000000001 0.37695899999999993 0.12070800000000001 0.233542
1 0.630073 0.43416899999999997 0.144641 0.24764900000000004
2 0.451093 0.427116 0.11550500000000002 0.23667699999999994
1 0.13395283558792925 0.7006270062695925 0.19203233090530697 0.3667710031347962
1 0.8659304994797087 0.36392399686520377 0.11975277835587929 0.23839652037617556
1 0.5816056191467222 0.3517931034482759 0.0987429760665973 0.2056959247648903
2 0.5157764516129032 0.556961998432602 0.18418141519250783 0.36708854231974924
