1 0.34765599999999997 0.18853299074074076 0.05052080208333333 0.08447248148148148
1 0.529167 0.297222 0.07291669999999997 0.11296300000000001
1 0.511458 0.6277780000000001 0.139583 0.5240740000000002
1 0.147135 0.773148 0.19322900000000004 0.35555600000000004
1 0.934635 0.6194440000000001 0.13072900000000018 0.712963
1 0.7998516614583333 0.442593 0.1340783229166667 0.185185
1 0.355208 0.399074 0.07499999999999994 0.20925899999999997
1 0.45 0.350926 0.06979170000000004 0.14814800000000006
1 0.6759363958333332 0.42361099999999996 0.09353859375 0.24722199999999997
1 0.466667 0.259259 0.05416670000000003 0.10925900000000002
1 0.333854 0.740741 0.20520800000000003 0.392593
1 0.40078100000000005 0.46759300000000004 0.10156200000000001 0.26296299999999995
1 0.134635 0.39027799999999996 0.07135420000000003 0.15833300000000006
1 0.045472744791666665 0.306944 0.07363780208333333 0.125
1 0.8598960000000001 0.428704 0.08749999999999988 0.16111100000000006
1 0.172917 0.44444399999999995 0.07916670000000003 0.19814799999999996
1 0.6403649999999999 0.715741 0.19531199999999996 0.4537040000000001
1 0.227344 0.571759 0.138021 0.2620370000000001
1 0.7583330000000001 0.623611 0.172917 0.25833299999999987
1 0.7304192109375001 0.36235448148148147 0.06764258854166667 0.14448918518518516
1 0.5975079661458333 0.3459916666666667 0.08188302604166667 0.2109703703703704
1 0.2067651875 0.2598898148148149 0.047596 0.18131851851851852
