1 0.386719 0.522685 0.11302100000000005 0.202778
1 0.576302 0.427778 0.11302100000000005 0.19814799999999996
1 0.9627599999999998 0.444444 0.07447920000000004 0.137037
1 0.6514045234375001 0.8560190000000001 0.259691953125 0.28425900000000004
1 0.579167 0.534722 0.10520799999999995 0.24722200000000008
1 0.315104 0.814352 0.197917 0.3527780000000001
1 0.9377600000000001 0.402315 0.07968749999999988 0.14166699999999996
1 0.407031 0.4375 0.10260400000000007 0.14537000000000003
1 0.3840421458333333 0.706944 0.16704229166666668 0.234259
1 0.8853704322916667 0.573148 0.16240786458333334 0.309259
1 0.6157108723958333 0.698611 0.21441225520833335 0.350926
