1 0.382701 0.257642 0.0853081 0.179039
1 0.6812800000000001 0.322052 0.101896 0.242358
1 0.286137 0.207424 0.06516589999999997 0.12663800000000006
1 0.5906399999999999 0.40607685589519654 0.10308099526066351 0.29475999999999997
1 0.547393 0.251092 0.07582939999999992 0.17903899999999995
1 0.517772 0.454148 0.10663500000000005 0.29257599999999995
1 0.941351 0.281659 0.09123220000000015 0.165939
1 0.9626780000000001 0.232533 0.06753549999999998 0.141921
1 0.6036729976303318 0.21623129912663752 0.07227490521327014 0.11353700873362445
1 0.43364900000000006 0.592795 0.13981000000000007 0.5000000000000001
1 0.37737 0.35917 0.08412319999999994 0.18559
1 0.7728370734597156 0.7030570087336244 0.18074414691943128 0.5720520087336245
1 0.44609 0.317686 0.0793839 0.15502199999999997
1 0.287322 0.522926 0.12440800000000002 0.43886500000000006
1 0.9063980035545024 0.3633782969432314 0.09952610189573459 0.22893960698689955
1 0.04502239336492891 0.33819791484716155 0.09004478672985781 0.1829448253275109
1 0.854265 0.494541 0.14454999999999993 0.23799100000000012
1 0.18918483412322273 0.26160371179039305 0.07269668246445497 0.12447379912663756
1 0.8632091232227488 0.2937762008733624 0.12020734597156398 0.33438646288209606
