2 0.4683590000000001 0.517973 0.09921870000000013 0.23939599999999997
2 0.787020880859375 0.47812753414809495 0.10720803515624999 0.1438900647016535
2 0.745117 0.431344 0.05820310000000006 0.09920920000000004
2 0.610709234375 0.3939609956865565 0.0653011328125 0.10927399712437097
2 0.848437 0.567577 0.1367190000000001 0.17756999999999998
2 0.259961 0.349029 0.04570310000000002 0.0898634
2 0.175391 0.44787899999999997 0.0734375 0.12365200000000004
2 0.330859 0.39468 0.0640625 0.09777139999999995
2 0.146289 0.400431 0.06679689999999998 0.12508999999999998
2 0.292188 0.372753 0.06093749999999996 0.12868400000000002
2 0.9359379999999999 0.530194 0.109375 0.11861999999999998
2 0.106836 0.604601 0.166016 0.214234
1 0.566211 0.5488860000000001 0.11054700000000003 0.2983469999999999
2 0.213672 0.47519799999999995 0.10078100000000001 0.18547800000000003
2 0.146875 0.781452 0.265625 0.33644899999999994
2 0.711133 0.745866 0.17148399999999997 0.45219299999999996
2 0.386914 0.428828 0.09101560000000002 0.10280399999999999
2 0.667773 0.49568700000000004 0.10117200000000004 0.15456500000000006
2 0.37207 0.6477349999999998 0.191797 0.362329
2 0.26379349609374997 0.5500724514737598 0.09700027343749999 0.24963692307692306
2 0.083446712890625 0.48710449317038107 0.12739954296875 0.21453723939611788
