1 0.0669271 0.612037 0.132812 0.22963
2 0.64375 0.643519 0.2270829999999999 0.41851899999999986
1 0.7242189999999998 0.48425900000000005 0.13593699999999995 0.212963
1 0.8278975468750001 0.512236287037037 0.19732990625 0.2244725740740741
1 0.915885 0.695833 0.16822899999999993 0.27314799999999995
1 0.07942709999999999 0.82037 0.15885399999999997 0.34814800000000007
1 0.15130199999999996 0.66713 0.186979 0.2787040000000001
1 0.795313 0.803241 0.2552079999999999 0.3824069999999999
1 0.3125 0.741204 0.267708 0.5046300000000001
1 0.6037147526041667 0.4361077037037037 0.11935799479166667 0.23212162962962962
