1 0.04363867870225013 0.5061490018921476 0.08309095238095238 0.12298999999999999
1 0.968341 0.533113 0.06331759999999992 0.12204400000000003
1 0.569335 0.888363 0.18838299999999994 0.21570499999999987
1 0.4206430350601779 0.5107915184484391 0.1400820722135008 0.14930303689687796
1 0.5799076347462062 0.5411539971617786 0.10277726844583988 0.1646170009460738
1 0.583726 0.665563 0.12925199999999995 0.26395499999999994
1 0.891030905285191 0.7024599952696311 0.151501810570382 0.4323559981078524
1 0.4068897619047619 0.6684010028382212 0.13141452119309263 0.3093659981078524
1 0.314757 0.8826869999999999 0.205651 0.22705799999999993
1 0.361852 0.8041630000000001 0.138671 0.234626
1 0.5773267922553638 0.5147677388836329 0.12077498691784405 0.1708864711447493
1 0.40841712715855577 0.5411394607379376 0.11202310832025117 0.17510592242194892
1 0.5714924123495553 0.8401896830652791 0.18845525902668758 0.2795354872280038
1 0.14440450026164312 0.5854430416272468 0.1301098901098901 0.2616033774834437
