1 0.7117159999999999 0.610145 0.18191200000000007 0.275362
2 0.567831 0.373188 0.08119219999999999 0.15797099999999994
2 0.380781 0.29420299999999994 0.09352519999999998 0.16811599999999993
1 0.347893 0.523188 0.19218899999999992 0.278261
1 0.871017 0.5021739999999999 0.12846899999999994 0.418841
1 0.5483040000000001 0.780435 0.223022 0.3666670000000001
2 0.5077080010277493 0.5450871884057971 0.1829390030832477 0.2953326376811594
1 0.11408 0.40144900000000006 0.139774 0.20289900000000005
1 0.17009199999999997 0.707971 0.19218899999999997 0.349275
2 0.627955 0.443478 0.14388500000000007 0.237681
1 0.7098949537512846 0.3691985507246377 0.0912616443987667 0.19198260869565215
