1 0.9770830000000001 0.5765460000000001 0.045833299999999966 0.17958800000000008
1 0.0440104 0.509323 0.0880208 0.157017
1 0.35494800000000004 0.836114 0.133854 0.23552499999999996
1 0.966667 0.5363100000000001 0.06562500000000011 0.14622200000000002
1 0.563281 0.5907173012757605 0.120312 0.2320675171736997
1 0.5729971536458334 0.8321537733071639 0.17634988020833334 0.24919455348380765
1 0.88724 0.728656 0.14739600000000005 0.39352300000000007
1 0.41171899999999995 0.684495 0.125521 0.33464199999999983
2 0.548177 0.698234 0.12135399999999989 0.29734999999999995
1 0.40588475 0.6149790578999019 0.12652425 0.23628722276741904
1 0.09545286458333332 0.6983123405299313 0.15731510416666666 0.392404857703631
1 0.5727209999999999 0.5670329685966634 0.11431075 0.2703296663395486
