1 0.104948 0.2874999999999999 0.0578125 0.141667
1 0.143229 0.771759 0.186458 0.35648100000000005
1 0.0375 0.308796 0.060416700000000004 0.11944399999999997
1 0.47786499999999993 0.260648 0.0484375 0.10833300000000003
1 0.347917 0.194444 0.04374999999999994 0.07592589999999999
1 0.503385 0.655093 0.12343799999999998 0.500926
1 0.4411459999999999 0.24027799999999996 0.04374999999999994 0.09537039999999998
1 0.6136538359375 0.48046770833333335 0.13147397395833332 0.23315741666666667
1 0.44296899999999995 0.358333 0.06614580000000002 0.14259299999999997
1 0.39869800000000005 0.214352 0.05781250000000006 0.09907409999999996
1 0.927865 0.657407 0.14427100000000007 0.44074100000000005
1 0.140365 0.39213000000000003 0.07343749999999999 0.14907400000000004
1 0.522135 0.293056 0.0640625 0.11759300000000003
1 0.351562 0.397685 0.0677082999999999 0.22129600000000002
1 0.17369799999999996 0.45 0.0786458 0.20555599999999993
1 0.863021 0.435648 0.1 0.15833299999999995
1 0.219792 0.578241 0.121875 0.2731479999999999
1 0.640625 0.719907 0.1958329999999999 0.45648099999999997
1 0.7546870000000001 0.6203699999999999 0.17604199999999998 0.2592589999999999
1 0.8019184895833333 0.4414555416666666 0.13113177083333333 0.17827034259259258
1 0.6013645833333333 0.2779537037037037 0.09671666666666666 0.23945185185185186
1 0.20707410677083335 0.2565935925925926 0.051923213541666666 0.18571466666666667
