2 0.758008 0.288697 0.05117189999999994 0.11375100000000003
2 0.7109380019531251 0.32180262419006483 0.061718800781250006 0.10511200143988482
2 0.653516 0.298776 0.057031299999999965 0.08495320000000006
2 0.643164 0.536357 0.12773399999999996 0.21742299999999998
1 0.758008 0.288697 0.051953099999999974 0.11663100000000003
2 0.21289100000000002 0.5118790000000001 0.11250000000000002 0.17710599999999999
1 0.8865230000000001 0.45104399999999994 0.09570309999999989 0.15622699999999995
2 0.45292999999999994 0.317135 0.06523440000000003 0.12310999999999997
2 0.8441410000000001 0.533117 0.11562500000000017 0.14182899999999996
2 0.65 0.34521199999999996 0.0671875 0.10727099999999995
2 0.7724610000000001 0.62239 0.13710899999999998 0.185025
2 0.437695 0.518359 0.11132799999999995 0.285097
1 0.262305 0.330454 0.06757809999999997 0.11951
2 0.516602 0.282217 0.07226559999999997 0.100792
1 0.0916016 0.456803 0.116797 0.226782
2 0.51854202734375 0.3664510007199424 0.0753906015625 0.0964722966162707
2 0.301367 0.350972 0.08945309999999998 0.13606899999999997
2 0.15292999999999998 0.3825566054715623 0.0667968984375 0.09700580993520519
2 0.726758 0.474082 0.08867190000000003 0.160547
2 0.550195 0.676746 0.13476599999999994 0.17710600000000007
2 0.29375 0.694744 0.15625 0.48812099999999997
2 0.648633 0.721382 0.16914100000000004 0.257739
1 0.0358306640625 0.4143689704823614 0.070086328125 0.12917278617710581
2 0.38980566406249995 0.3592163426925846 0.066148828125 0.15529805615550757
2 0.572792087890625 0.266705629949604 0.047706050781249995 0.07620141108711304
2 0.5734281250000001 0.24443126349892008 0.03752890625 0.06447800575953924
2 0.5308106699218749 0.4695191684665227 0.09095962109375 0.22860457163426925
1 0.8399465273437501 0.3915592044636429 0.06169991406250001 0.12192262778977682
