1 0.7301161927083334 0.3590427731481482 0.06231508333333333 0.1384545462962963
1 0.639323 0.7185180000000001 0.19635399999999983 0.4685190000000001
1 0.347656 0.42731500000000006 0.06822919999999998 0.29351900000000003
1 0.403646 0.482407 0.10416699999999998 0.283333
1 0.86224 0.434722 0.0953125 0.16388900000000003
1 0.928125 0.659259 0.14375 0.4296299999999999
1 0.17265599999999998 0.437037 0.07656250000000003 0.22222199999999998
1 0.038541700000000005 0.308796 0.065625 0.11388900000000003
1 0.510156 0.5152780000000001 0.13385399999999995 0.25277799999999995
1 0.442448 0.358333 0.06197919999999998 0.135185
1 0.225781 0.575926 0.12239599999999999 0.26296300000000006
1 0.33125 0.731481 0.21875 0.392593
1 0.7618671874999999 0.6265824814814814 0.18393958333333332 0.2658223703703704
1 0.2750687109375 0.3181319444444444 0.07293950520833332 0.19890092592592593
1 0.2073833203125 0.26263728703703704 0.048832265624999996 0.20219764814814814
