2 0.6293010000000001 0.44078000000000006 0.1511990000000002 0.24587700000000004
2 0.330553 0.730885 0.241919 0.43928000000000006
1 0.548488 0.770615 0.23983299999999994 0.4257870000000002
1 0.8727839937434827 0.39907710644677663 0.13555799791449427 0.18646119940029984
1 0.108968 0.4003 0.136601 0.20689699999999994
1 0.466632 0.430285 0.13868599999999992 0.21589200000000006
2 0.108968 0.39954999999999996 0.136601 0.20839599999999997
2 0.331074 0.729385 0.24296099999999998 0.4392800000000001
2 0.16683999999999996 0.701649 0.202294 0.37181400000000014
2 0.330031 0.542729 0.16996900000000006 0.2308850000000001
1 0.568822 0.356822 0.08863400000000016 0.185907
2 0.4999999947862357 0.5722997601199401 0.17622499478623568 0.2676944827586207
2 0.716893 0.601199 0.192909 0.30884599999999995
1 0.7905255474452555 0.2974685157421289 0.08877372262773722 0.204640179910045
