1 0.1340599947780679 0.6005919970414202 0.20441198955613576 0.2879679980276134
1 0.8757179999999999 0.48964499999999994 0.09086159999999993 0.1074949999999999
2 0.547781 0.30572000000000005 0.07519579999999994 0.13215
1 0.25794057702349865 0.6005920019723866 0.15661115926892952 0.2426040039447732
2 0.660574 0.771203 0.17023499999999991 0.4477320000000001
2 0.190601 0.472387 0.09399479999999998 0.20710099999999998
1 0.3419426135770235 0.7894480029585799 0.24039777023498696 0.405325
2 0.781723 0.6765290000000002 0.14725799999999992 0.27021700000000004
1 0.16169973890339423 0.7990507889546352 0.2552563968668407 0.3976794871794872
2 0.35830887728459526 0.197784516765286 0.05194516971279373 0.08122386587771203
