1 0.591749 0.383372 0.1219209999999999 0.2817550000000001
1 0.9322659975369458 0.2464433140877598 0.11822699507389163 0.16956062355658197
1 0.767241 0.691686 0.19950699999999985 0.588915
1 0.611453 0.184758 0.08004929999999993 0.143187
1 0.2869459999999999 0.188222 0.061576399999999934 0.10392600000000002
1 0.106527 0.26097 0.0849754 0.11547299999999999
1 0.564655 0.21362599999999998 0.09482759999999989 0.247113
1 0.367611 0.340647 0.08990149999999994 0.16859100000000005
1 0.449507 0.292148 0.0812808 0.163972
1 0.5184729999999999 0.43879899999999994 0.12807900000000003 0.3187069999999999
1 0.9371919950738916 0.3060019284064665 0.11083699507389162 0.16858685912240184
1 0.889163 0.39953800000000006 0.11083699999999999 0.2170900000000001
1 0.8516009999999999 0.48037 0.12192100000000004 0.226328
1 0.0344828 0.30254 0.0689655 0.14318700000000004
1 0.272167 0.503464 0.11822699999999994 0.4572749999999998
1 0.6595326724137931 0.27795381062355656 0.07706288177339901 0.5137136258660507
1 0.3403134236453202 0.17035912240184758 0.0528756157635468 0.10232101616628175
1 0.43115763546798025 0.12447237875288684 0.0568128078817734 0.08860720554272518
1 0.38646065270935964 0.672527713625866 0.16700726600985222 0.6527459584295612
1 0.1837079495073892 0.23681354503464205 0.0744208251231527 0.11977951501154735
