1 0.15141999999999997 0.354772 0.08352269999999999 0.151452
1 0.336364 0.20902499999999996 0.04090910000000004 0.090249
1 0.7014200000000002 0.384855 0.06761359999999997 0.153527
1 0.508523 0.294606 0.04431819999999995 0.10995900000000006
1 0.6366480000000001 0.399896 0.07897730000000006 0.15249000000000001
1 0.28267 0.43775899999999995 0.07329549999999994 0.21991699999999992
2 0.43125 0.2930499999999999 0.06704549999999995 0.140042
1 0.464489 0.265042 0.038068199999999955 0.10269700000000001
1 0.38608000000000003 0.282676 0.047159100000000044 0.15249000000000004
1 0.569602 0.5342319999999999 0.12556800000000012 0.404564
1 0.337784 0.346473 0.0676136000000001 0.14730299999999993
1 0.758807 0.48755200000000004 0.11988600000000002 0.22821599999999995
1 0.829545 0.48392099999999993 0.11022700000000017 0.20020699999999994
1 0.236932 0.35321600000000003 0.07727270000000004 0.181535
1 0.48210200000000003 0.369813 0.07784090000000009 0.17738599999999996
1 0.46676100000000004 0.6773859999999999 0.14147700000000005 0.562241
1 0.22157237215909092 0.7178420020746887 0.19768974431818181 0.5643149999999999
1 0.392898 0.431017 0.07897730000000006 0.18361000000000002
1 0.338068 0.65249 0.142045 0.5
1 0.6707389999999999 0.5803939999999999 0.13920500000000002 0.30809099999999995
1 0.3627954715909091 0.2338069917012448 0.0454545 0.09336099585062241
1 0.154545 0.443983 0.107955 0.19294600000000003
1 0.1268184659090909 0.3112541493775934 0.06613806818181818 0.1230954356846473
