0 0.73125 0.359722 0.06354170000000003 0.13611099999999995
2 0.0390625 0.299074 0.0677083 0.140741
1 0.126042 0.342593 0.04791669999999999 0.13888900000000004
1 0.7916670000000001 0.44351900000000005 0.11562500000000012 0.18888899999999997
1 0.403385 0.47268499999999997 0.10364600000000006 0.27685199999999993
1 0.6109369999999998 0.326389 0.07916670000000003 0.13425900000000002
1 0.8625 0.434722 0.10000000000000012 0.16388900000000003
1 0.13697900000000002 0.3844626481481481 0.06770830208333334 0.1755187037037037
1 0.928125 0.6518520000000001 0.14375 0.44814800000000005
1 0.442708 0.36157399999999995 0.07395830000000002 0.136111
0 0.34505199999999997 0.399537 0.06614580000000002 0.25833300000000003
2 0.509635 0.644444 0.13697900000000002 0.5277780000000001
1 0.172917 0.435648 0.08645829999999997 0.22129600000000008
1 0.641406 0.714815 0.19635399999999995 0.43888900000000003
2 0.532031 0.31342600000000004 0.08177079999999996 0.09537039999999998
1 0.224479 0.576266074074074 0.11875 0.25253114814814814
2 0.759375 0.7361110000000001 0.18333299999999988 0.42963
1 0.20797071875 0.25210925925925926 0.0480616875 0.16666666666666666
1 0.08066614583333333 0.5736261898148147 0.1576239583333333 0.3186809537037037
1 0.6264765625000001 0.48461532870370366 0.127953125 0.21758230555555555
