1 0.3125 0.5420766759259259 0.107292 0.23230235185185186
1 0.30379746875 0.428704 0.09612341666666667 0.157407
1 0.6088279609375 0.527226875 0.128071921875 0.19369424999999998
1 0.728125 0.6819440000000001 0.2 0.37685199999999996
1 0.457552 0.8120370000000001 0.18906300000000004 0.2833330000000001
2 0.6520829999999999 0.494907 0.07916670000000003 0.16203700000000004
1 0.8467167708333334 0.5870253148148148 0.13884493750000002 0.2964135
1 0.0643229 0.524074 0.106771 0.16296299999999997
1 0.06603051041666666 0.8143520000000001 0.129688 0.27129600000000004
1 0.2125 0.745833 0.16250000000000003 0.308333
1 0.7974683541666666 0.5084391296296297 0.10917708333333334 0.18987314814814812
1 0.5361702005208334 0.7716311759259259 0.23936168229166668 0.35460987037037034
1 0.5285905364583333 0.49858146296296296 0.15079809375 0.5290778148148149
1 0.3718083333333333 0.49929087962962965 0.075 0.2751775
