2 0.553646 0.32621399999999995 0.1020829999999999 0.14174799999999996
1 0.829687 0.691748 0.30312499999999976 0.6029130000000001
2 0.06592561979166667 0.398544 0.13185084375 0.237864
2 0.302865 0.7723300000000001 0.343229 0.43980599999999986
2 0.929427 0.500485 0.14114600000000005 0.35436899999999993
1 0.23540781250000004 0.41561164077669904 0.19013750000000001 0.3143456504854369
2 0.07271614583333334 0.3391354368932039 0.08884375000000001 0.18881844660194175
1 0.06932083333333333 0.3707805825242718 0.09676666666666667 0.19303883495145632
1 0.469683984375 0.4915611650485437 0.13581223958333333 0.42826990291262135
0 0.18392859374999998 0.338461718446602 0.09785947916666667 0.16923112621359224
1 0.8430058958333333 0.4208790825242718 0.22165762500000002 0.3736263009708738
