1 0.45031099999999996 0.31663100000000005 0.06154709999999997 0.12580000000000005
1 0.21117999999999998 0.270789 0.053077399999999976 0.13859299999999997
1 0.515246 0.31822999999999996 0.06380579999999994 0.11833700000000001
1 0.30095999999999995 0.46477544776119406 0.08921509881422926 0.2344549040511727
1 0.16092599943534727 0.47597399253731343 0.09486169960474308 0.19928297441364604
1 0.498588 0.38699399999999995 0.07340489999999997 0.17484000000000002
1 0.6493510000000001 0.434968 0.08695650000000021 0.168444
1 0.7176739999999999 0.410981 0.07905139999999994 0.16098100000000007
1 0.544608 0.284648 0.04460759999999999 0.09594880000000001
1 0.775833 0.513326 0.11406000000000001 0.214286
1 0.5039038932806325 0.7340090031982942 0.16986278373800115 0.5234539978678038
1 0.683794 0.607676 0.1355170000000001 0.3006400000000001
1 0.8430270000000001 0.503198 0.11180100000000004 0.19616199999999986
1 0.5807636617730096 0.4419450373134328 0.10838898362507057 0.22786685501066098
2 0.2090903444381705 0.7010158901918977 0.1598927159796725 0.5079827398720682
1 0.3094076792772445 0.31857754264392324 0.07149068322981367 0.14658905117270787
1 0.3574522868435912 0.22859221748400854 0.032285714285714286 0.09434008528784649
1 0.3770544889892715 0.2503629051172708 0.036129305477131564 0.10304777185501067
