1 0.10416699999999998 0.283796 0.05729169999999997 0.13611099999999998
1 0.478385 0.258333 0.0484375 0.10925899999999997
1 0.145573 0.772222 0.193229 0.35555600000000004
1 0.503385 0.655093 0.12343799999999998 0.500926
0 0.7296879999999999 0.35509300000000005 0.061458299999999966 0.1324069999999999
1 0.4411459999999999 0.24027799999999996 0.04374999999999994 0.09537039999999998
1 0.35182299999999994 0.19398100000000001 0.038020799999999966 0.0731481
1 0.39869800000000005 0.214352 0.05781250000000006 0.09722220000000004
0 0.591146 0.464352 0.08645830000000009 0.20463
1 0.928125 0.655556 0.14375 0.4388890000000001
1 0.44583300000000003 0.358333 0.0729167000000001 0.14444400000000002
1 0.351562 0.399074 0.0677082999999999 0.2222220000000001
1 0.139844 0.39213 0.07135419999999999 0.15277799999999997
1 0.521354 0.293056 0.065625 0.119444
1 0.173438 0.45 0.078125 0.20555599999999993
1 0.863281 0.4361110000000001 0.10052100000000005 0.15925900000000007
1 0.220573 0.578241 0.12239599999999999 0.27129600000000004
1 0.6408850000000001 0.719444 0.19635399999999983 0.45740699999999995
1 0.754948 0.6203699999999999 0.17552100000000007 0.2592589999999999
1 0.6865111822916667 0.41561203703703703 0.11511096875 0.21940925925925925
1 0.8028084557291667 0.4425106481481481 0.13291121354166666 0.18459907407407405
1 0.2711630208333334 0.2774259722222222 0.05933541666666667 0.13291101851851853
1 0.20915755208333336 0.2521095 0.05043489583333333 0.17510507407407408
1 0.5968062291666667 0.27802180555555556 0.09457399999999999 0.2395600925925926
