1 0.6429690000000001 0.456944 0.10885400000000006 0.25277799999999995
1 0.646615 0.815278 0.22239600000000007 0.349074
2 0.42760399999999993 0.6004629999999999 0.09791669999999998 0.16759300000000013
1 0.594792 0.599537 0.11458300000000013 0.18611099999999986
1 0.0570313 0.488426 0.0963542 0.15277800000000002
1 0.0916667 0.5592590000000001 0.10208300000000001 0.16296300000000002
2 0.406771 0.643056 0.11041699999999999 0.21018500000000004
1 0.732292 0.5018520000000001 0.08854170000000003 0.3314810000000001
1 0.0911458 0.771759 0.178125 0.3490740000000001
1 0.9242190000000001 0.7115739999999999 0.15156199999999995 0.26018500000000017
1 0.366146 0.8023150000000001 0.19687500000000005 0.382407
1 0.9576739635416666 0.4799577777777777 0.07594919791666667 0.13502103703703705
