1 0.776661 0.512665 0.122836 0.214792
1 0.650195 0.421479 0.07984370000000009 0.16615999999999997
1 0.35957599944165275 0.3680535916919959 0.0815186990508096 0.15252118541033435
1 0.722501 0.407295 0.07593519999999998 0.16615999999999997
1 0.41764399776661076 0.28610693515704155 0.04578450027917365 0.10412866261398177
1 0.38721400055834726 0.2564639412360689 0.04299270240089336 0.09955398176291794
1 0.6856500000000001 0.599291 0.12172000000000016 0.29483300000000007
1 0.22417599999999996 0.6859169999999999 0.15801200000000004 0.514691
1 0.1694580011166946 0.47196598277608914 0.09101059743160245 0.20026497467071935
1 0.4182020000000001 0.450861 0.0781686 0.19250299999999992
1 0.453657 0.321682 0.06309319999999995 0.12259399999999998
1 0.36320499999999994 0.695542 0.12786200000000003 0.550152
1 0.3051384701284199 0.4560495288753799 0.07758458961474038 0.23449060790273557
