1 0.6455730000000001 0.22592599999999996 0.10468699999999996 0.16851900000000003
1 0.49505200000000005 0.275 0.10885400000000006 0.45
1 0.397396 0.69213 0.29375000000000007 0.482407
1 0.34401 0.49444400000000005 0.19427099999999997 0.24814800000000006
1 0.310417 0.405556 0.12291700000000004 0.22036999999999993
1 0.08125 0.491204 0.161458 0.28055599999999997
1 0.0791667 0.703241 0.158333 0.467593
1 0.09256328124999999 0.42826990740740745 0.13647135416666664 0.21308055555555555
1 0.8921083333333333 0.7220462962962962 0.20945416666666666 0.4440925925925926
1 0.5796454375000001 0.3933176481481481 0.15035183333333332 0.3528721111111111
1 0.7626391510416667 0.2110200324074074 0.08770503125000001 0.1617821574074074
1 0.9209041510416667 0.47889818518518523 0.15496773958333332 0.2895665925925926
