1 0.77249 0.689401 0.13493700000000014 0.34053000000000005
1 0.4686949607740586 0.423937365063788 0.03227477510460251 0.10597143277723257
1 0.630753 0.755152 0.11401700000000005 0.30127600000000004
1 0.6647135774058578 0.5485770019627085 0.10976215481171549 0.15505400392541707
1 0.0651151 0.6928360000000001 0.123954 0.3179590000000001
1 0.100418 0.511286 0.0690377 0.157017
1 0.913703 0.454858 0.06171549999999995 0.09126589999999997
1 0.8070490533472804 0.4675472816486752 0.08046199790794979 0.15028443572129538
1 0.9351944142259414 0.5598630029440628 0.09613826359832636 0.2502450049067714
1 0.699006 0.539254 0.06851460000000013 0.140334
1 0.5859519403765691 0.38362815996074584 0.0603228870292887 0.09208432777232581
1 0.03168138336820084 0.5411431452404317 0.062238498953974895 0.15211
1 0.26834631537656906 0.5363100000000001 0.09510566422594142 0.14229599607458293
1 0.73431 0.491658 0.0533472999999999 0.12365100000000004
1 0.8407451595188284 0.6271097055937194 0.08039221234309624 0.23945148184494602
1 0.29131799999999997 0.7885179999999999 0.155858 0.385672
2 0.3831069999999999 0.683513 0.11349399999999996 0.22080499999999995
1 0.47384899999999996 0.657017 0.10774099999999996 0.16977400000000006
1 0.45930360878661086 0.8665613346418056 0.17652562761506277 0.26476741903827283
1 0.8604215481171548 0.4240505397448479 0.050034518828451884 0.12447203140333661
1 0.49893758106694563 0.4968356231599607 0.08601428347280334 0.20675073601570168
1 0.5601829079497908 0.3928572129538764 0.05680887029288703 0.1043954857703631
1 0.42050320606694563 0.4582417026496565 0.07496429916317991 0.38241747791952896
1 0.18858234571129706 0.6587914622178608 0.11010413702928872 0.33736310107948975
