1 0.9741239999999999 0.4184764135437212 0.051752901502504174 0.1360968244575937
1 0.10333900000000001 0.36916499999999997 0.05442400000000001 0.16502300000000003
1 0.450918 0.43260999999999994 0.09515859999999995 0.1893489999999999
1 0.949249 0.755095 0.10150300000000008 0.47534500000000013
1 0.8185310000000001 0.523669 0.11586000000000002 0.21893499999999994
2 0.0943239 0.541749 0.125876 0.21301799999999996
1 0.7121870016694491 0.5538265713346482 0.11686100166944907 0.20298514792899408
1 0.38576649081803 0.4936851446416831 0.10593002337228714 0.3228139973701512
2 0.589482 0.666009 0.15258799999999995 0.40236699999999986
2 0.835428714524207 0.8053798717948719 0.2062457429048414 0.38713055226824455
1 0.27121161101836394 0.48014168310322153 0.06987393989983305 0.3304963839579224
