1 0.602787 0.340816 0.07897789999999999 0.155102
1 0.25029 0.444898 0.13588900000000004 0.18775500000000003
1 0.550523 0.539796 0.18350799999999998 0.46734699999999996
1 0.9587690000000001 0.43061200000000005 0.08246230000000003 0.1918370000000001
1 0.810105 0.785714 0.21718900000000013 0.416327
1 0.8896630000000001 0.48571400000000003 0.16027900000000014 0.34285699999999997
1 0.686992 0.576531 0.15679400000000002 0.2714289999999999
1 0.624855 0.828571 0.29500600000000005 0.3306119999999999
1 0.406504 0.762245 0.20905899999999994 0.4591840000000001
1 0.03542390243902439 0.5080064081632654 0.07084789779326364 0.2323388163265306
1 0.43205600000000005 0.4 0.09523810000000002 0.17142900000000003
1 0.922764 0.7448980000000001 0.15447199999999991 0.4938780000000001
1 0.16291463414634147 0.8175825714285714 0.3233275261324042 0.35824081632653065
