1 0.398429 0.7184770401493932 0.112042 0.4976450793650794
1 0.928796 0.38328699999999993 0.08167539999999998 0.12791799999999995
1 0.643717 0.4727257516339869 0.124084 0.3254704948646125
1 0.26884799738219894 0.592945177404295 0.19633499999999998 0.40904635854341737
1 0.196335 0.363212 0.12251300000000001 0.23902899999999996
1 0.8554970000000001 0.7730913071895424 0.21884800000000001 0.4481436227824463
1 0.31570700261780105 0.5123954341736694 0.115183 0.21993486461251166
1 0.5675390000000001 0.314192 0.05759160000000018 0.15592899999999998
1 0.9683250000000001 0.531746 0.06335080000000008 0.21568600000000004
1 0.8578311989528796 0.6013630718954248 0.2256093926701571 0.29516414565826327
1 0.9112569999999999 0.553221 0.11780100000000011 0.22689099999999998
1 0.35855780628272255 0.45367052754435105 0.10906339267015706 0.17949295051353875
1 0.13633874345549737 0.2927217553688142 0.08931518324607331 0.14029505135387488
1 0.0697958115183246 0.3212026143790849 0.08990680628272252 0.14662371615312791
