2 0.69375 0.35925900000000005 0.05624999999999988 0.11666699999999995
1 0.9495022838541666 0.7625 0.09995393229166667 0.356481
1 0.435937 0.45138899999999993 0.08854169999999992 0.13981499999999997
1 0.771875 0.35463 0.05729169999999992 0.10925900000000002
1 0.6942710000000001 0.35925900000000005 0.05624999999999988 0.11666699999999995
1 0.18906299999999998 0.684722 0.16562499999999997 0.47685200000000005
1 0.209635 0.35138900000000006 0.0453125 0.11018499999999999
1 0.58099 0.462037 0.10781299999999992 0.15185200000000004
1 0.4231770000000001 0.684259 0.161979 0.45555600000000007
1 0.0606771 0.7861110000000001 0.12135399999999999 0.3092589999999999
1 0.841927 0.5435190000000001 0.12552100000000005 0.23148100000000005
1 0.954948 0.528241 0.09010420000000015 0.19166700000000006
1 0.6408850000000001 0.713426 0.16093800000000005 0.4583329999999999
1 0.0651042 0.536574 0.126042 0.2212959999999999
1 0.28451340625000004 0.3670884259259259 0.062302604166666664 0.10759537037037037
