1 0.3235660000000001 0.135392 0.05860350000000005 0.10451299999999998
1 0.0461347 0.30285 0.0897756 0.2541570000000001
1 0.13715699999999997 0.200713 0.0648379 0.10688800000000001
1 0.409601 0.6437050000000001 0.16832899999999995 0.6935870000000001
1 0.6433920448877805 0.12113999999999998 0.08728349127182046 0.1425180047505938
1 0.9046129987531171 0.22056470308788598 0.1184540024937656 0.39497558194774346
1 0.538653 0.38836099999999996 0.124688 0.325416
1 0.955736 0.2814729999999999 0.08852870000000006 0.21140099999999995
1 0.4725690000000001 0.23277900000000004 0.07481299999999999 0.18052300000000002
1 0.59414 0.171021 0.0985037 0.23277899999999999
1 0.803616 0.695962 0.1658349999999999 0.593824
1 0.8584790000000001 0.414489 0.16583500000000004 0.25890700000000005
1 0.297382 0.45605700000000005 0.12593500000000002 0.47030900000000003
1 0.20155798004987532 0.1756330166270784 0.06312593516209476 0.11919952494061757
1 0.720405149625935 0.28902969121140143 0.10742354114713216 0.3797458432304038
1 0.3696159600997506 0.11286935866983373 0.04928179551122194 0.10759619952494062
1 0.6129080610972569 0.37527434679334915 0.11825502493765586 0.3879121140142518
