1 0.889106466909849 0.6522035181733457 0.11965087024491923 0.27365203168685925
1 0.9783740000000001 0.553122 0.04325169999999987 0.12767899999999996
2 0.968473 0.516775 0.056800399999999994 0.11649599999999993
2 0.5635749973944764 0.5331838210624417 0.11203799895779051 0.15304164026095063
1 0.0422095 0.486952 0.0719125 0.14259100000000002
1 0.302762 0.9142590000000002 0.193851 0.17148199999999988
1 0.10576710265763418 0.6831310018639328 0.15845078686816053 0.4342960018639329
2 0.403856 0.5992540000000001 0.12193900000000006 0.21621600000000002
2 0.5809718890046899 0.6683284902143524 0.12622721730067743 0.235072972972973
1 0.578166 0.88863 0.200625 0.21901199999999987
1 0.365034 0.807083 0.12975499999999995 0.22926399999999988
1 0.5715315268368942 0.518459925442684 0.12386138613861386 0.19725722273998136
1 0.4211284523189161 0.5079114631873253 0.11914278269932256 0.15928238583410997
1 0.5712366649296509 0.8328056849953401 0.18697150599270454 0.2415610438024231
1 0.4079918733715477 0.5489010717614167 0.12657591974986973 0.13956039142590868
