1 0.940073 0.621872 0.11985399999999988 0.7136239999999999
2 0.52345 0.413346 0.06930689999999994 0.1575530000000001
1 0.798072 0.44393 0.12454399999999996 0.17979599999999996
1 0.35278800156331425 0.39398689990732155 0.07087019801980197 0.2078067933271548
1 0.399687 0.467099 0.10109399999999998 0.261353
1 0.46743099999999993 0.258109 0.054194900000000025 0.10843400000000004
1 0.07790520000000001 0.585728 0.14330400000000001 0.313253
1 0.5284 0.296571 0.07191249999999998 0.109361
1 0.449453 0.352641 0.07034910000000005 0.14179799999999995
1 0.333768 0.7405 0.20479400000000006 0.3929560000000001
1 0.132882 0.389249 0.07399690000000002 0.15940699999999997
1 0.861386 0.427711 0.09067219999999998 0.162187
1 0.17196500000000003 0.442539 0.0802501 0.19925900000000002
1 0.04481500000000001 0.3044490000000001 0.0750391 0.12511599999999998
1 0.641741 0.716404 0.19437200000000004 0.441149
1 0.22642000000000004 0.570436 0.137051 0.26413299999999995
1 0.757686 0.623726 0.1740489999999999 0.2595000000000001
1 0.14738874413757166 0.773206672845227 0.20462428348097966 0.3481019462465245
1 0.20575455966649298 0.2532970342910102 0.04819489317352788 0.18131881371640407
1 0.5999628530484626 0.3395604402224282 0.0815604846274101 0.21318681186283597
1 0.7291000885878062 0.36428544949026875 0.06796672225117249 0.15274698795180722
1 0.6775069984366857 0.3681316033364226 0.08712149035956226 0.13846153846153847
