1 0.779046 0.29148 0.08921160000000002 0.19431999999999996
2 0.15612 0.7010460000000001 0.20850600000000002 0.3707030000000001
1 0.8651449999999999 0.3777377952167414 0.14107900414937757 0.22034859491778774
1 0.25777999999999995 0.346786 0.13796699999999995 0.22122600000000003
1 0.10217799999999999 0.40134499999999995 0.12966799999999998 0.19581499999999993
2 0.704357 0.591181 0.20331999999999992 0.309417
1 0.45798800000000006 0.425262 0.13796700000000003 0.22571
2 0.6187760000000001 0.44170399999999993 0.14211599999999988 0.22869999999999996
2 0.532158 0.7907320000000001 0.22406599999999988 0.367713
2 0.323651 0.541853 0.16805000000000003 0.23168900000000006
1 0.332469 0.731689 0.229253 0.3961140000000001
2 0.554461 0.382661 0.08817429999999998 0.13154
2 0.4968880031120332 0.5638878475336323 0.1867220020746888 0.27431730941704036
