1 0.11390899880095924 0.32750617571059437 0.155875 0.5774933333333334
1 0.0419664 0.25969 0.0791367 0.19379800000000003
1 0.43704999999999994 0.3927649999999999 0.14268599999999995 0.449612
1 0.9778179999999999 0.17700300000000002 0.04436450000000002 0.13178300000000004
1 0.6655750599520384 0.5425585271317829 0.1656831175059952 0.5063050645994832
1 0.550959 0.20025799999999996 0.1139090000000001 0.183463
1 0.4405717386091127 0.11773434108527131 0.09112709832134293 0.17054299741602066
1 0.0785372 0.802326 0.154676 0.3695090000000001
1 0.9590530995203839 0.4330028811369509 0.08189300959232615 0.2716917571059432
2 0.78777 0.10465100000000001 0.07673860000000013 0.136951
1 0.30209216426858515 0.6907229457364341 0.25432967625899283 0.43570987080103357
1 0.8609437470023981 0.34127031007751946 0.13182950839328536 0.2587686304909561
2 0.742806 0.277778 0.11630699999999988 0.29199
2 0.497602 0.16925099999999998 0.09112709999999997 0.17312699999999998
1 0.203237 0.5904389999999999 0.17146299999999998 0.3333329999999999
2 0.6486450839328537 0.1518062015503876 0.07279856115107913 0.21557622739018087
1 0.7664856115107914 0.626974819121447 0.17545083932853717 0.5316033850129199
2 0.5700847961630695 0.5050793798449612 0.1429790887290168 0.556432661498708
