2 0.675175 0.22360600000000003 0.11997400000000004 0.22657200000000002
1 0.22973800000000003 0.34045099999999995 0.131461 0.232503
2 0.8024889999999999 0.147094 0.0874282 0.139976
2 0.466816 0.19810199999999997 0.08487559999999993 0.15895599999999996
1 0.13592899999999997 0.506524 0.26036999999999993 0.483986
1 0.6754950000000001 0.22360600000000003 0.11933600000000007 0.228944
2 0.545948 0.7218269999999999 0.32354799999999995 0.556346
1 0.362476 0.22716499999999998 0.12763199999999994 0.31672599999999995
2 0.388641 0.454923 0.2641990000000001 0.3499409999999999
2 0.8107849999999999 0.314947 0.1703889999999999 0.285884
1 0.540204 0.300712 0.15890200000000004 0.33096100000000006
1 0.9237399999999999 0.295374 0.14869200000000013 0.282325
1 0.0434955328653478 0.37943297746144716 0.07935992342054882 0.27943297746144724
