1 0.9537 0.578344 0.0866807999999999 0.2649680000000001
1 0.0363636 0.509236 0.0659619 0.1878980000000001
2 0.6871040000000002 0.762739 0.3196619999999999 0.46815300000000004
1 0.0845666 0.5719749999999999 0.149683 0.2433119999999999
2 0.405074 0.537898 0.17505299999999996 0.24649699999999988
2 0.23572899999999997 0.635669 0.19830900000000004 0.338854
1 0.153066 0.48694300000000007 0.07864690000000002 0.14713400000000004
1 0.54334 0.517516 0.12177599999999994 0.1738850000000001
2 0.6071880000000001 0.6624199999999999 0.11162800000000005 0.254777
2 0.38773799999999997 0.767197 0.261311 0.44522299999999987
2 0.88351 0.6614650000000001 0.22114199999999998 0.373885
