1 0.5108549999999998 0.115542 0.06648579999999998 0.108384
1 0.299186 0.16615499999999997 0.08955219999999996 0.12576699999999996
2 0.12075999999999999 0.34253600000000006 0.17639099999999996 0.20245400000000002
2 0.894166 0.479039 0.1641790000000001 0.313906
2 0.7924019999999999 0.18813899999999997 0.10854799999999996 0.14110399999999998
1 0.529512 0.496421 0.20284900000000006 0.26891599999999993
1 0.921642 0.22903900000000002 0.10922700000000006 0.14519400000000005
1 0.39959300000000003 0.392638 0.11668900000000001 0.21676899999999996
1 0.7320220000000001 0.595603 0.2293080000000001 0.4366049999999999
2 0.8446399999999998 0.32106299999999993 0.12482999999999991 0.15950899999999998
2 0.6712382903663501 0.16399386503067487 0.10252341926729987 0.10932924335378323
2 0.31414033242876527 0.5415455010224949 0.18030006784260513 0.3688047034764826
2 0.5363137720488467 0.7507290388548057 0.22729240162822253 0.48104907975460126
1 0.7426740162822252 0.3382137014314929 0.1486316146540027 0.18740899795501023
1 0.6824440298507463 0.2584187116564417 0.11366010854816824 0.15080470347648262
1 0.4633819538670286 0.22401175869120657 0.10103120759837177 0.17276789366053172
1 0.37109430122116693 0.19253318507157466 0.095202170963365 0.15373303680981595
2 0.20375601763907733 0.27446790899795503 0.11199542740841248 0.14609894683026586
1 0.2842228561736771 0.319857944785276 0.08282020352781547 0.18581517382413087
