1 0.4799300000000001 0.428406 0.1485919999999999 0.2194
1 0.413028 0.299076 0.11338000000000006 0.14549700000000002
1 0.071831 0.562356 0.143662 0.31408799999999987
2 0.5376759999999999 0.779446 0.39507000000000003 0.43649000000000004
1 0.623592 0.36893799999999993 0.13732400000000003 0.19745999999999997
1 0.299648 0.316397 0.09225349999999997 0.12933000000000003
0 0.48191250704225347 0.3319859988452656 0.143662 0.20438800230946882
2 0.466197 0.6403000000000001 0.17042299999999994 0.34526600000000013
1 0.73662 0.331409 0.09436620000000007 0.157044
1 0.162324 0.45669699999999996 0.134507 0.236721
1 0.057746500000000006 0.402425 0.11408500000000002 0.21824499999999997
1 0.687676 0.509238 0.16549300000000022 0.27713600000000005
2 0.768662 0.721132 0.299296 0.384527
2 0.9073939999999999 0.548499 0.18521099999999988 0.30485
1 0.25669 0.48556599999999994 0.20633800000000002 0.24595799999999998
2 0.167958 0.8013859999999999 0.335916 0.38799100000000003
1 0.8422540000000001 0.429561 0.16760599999999987 0.272517
