1 0.856651 0.48973200000000006 0.108638 0.14910700000000002
2 0.07790140000000001 0.7848210000000001 0.15580300000000002 0.36071400000000003
2 0.5699519999999999 0.7285710000000001 0.16799199999999995 0.5303570000000001
2 0.07949129999999999 0.45848200000000006 0.09644939999999999 0.12410700000000001
1 0.7207209999999998 0.7165180000000001 0.11658700000000002 0.466964
2 0.21595099999999998 0.48258899999999993 0.107578 0.14732099999999995
2 0.377848 0.514732 0.10068899999999999 0.18660699999999997
2 0.131426 0.616518 0.130366 0.19017899999999982
2 0.30524599999999996 0.7232140000000001 0.19607799999999995 0.22321400000000002
1 0.9294500264970853 0.4751771919642857 0.1262838367779544 0.13333311607142856
2 0.27113142554319025 0.3938504464285714 0.0695209326974033 0.08784732142857142
