1 0.7519 0.39082400000000006 0.12163100000000006 0.13933699999999993
1 0.30546 0.562447 0.269523 0.2871710000000001
1 0.175536 0.49490199999999995 0.25570100000000007 0.24893800000000005
1 0.40221100000000004 0.666525 0.316517 0.2540359999999999
1 0.628542 0.7455390000000001 0.459572 0.48513200000000006
1 0.638908 0.46474100000000007 0.19972399999999993 0.18691599999999997
1 0.5245934968901176 0.4324549957519117 0.16297499654457498 0.16482599830076466
1 0.9502301313061506 0.41898130841121495 0.07280442294402212 0.14660492778249787
1 0.6088000414651001 0.31867271877655057 0.10293111264685556 0.10648124044180118
1 0.21025581548030406 0.33719117247238745 0.12175973047684865 0.08796259983007647
1 0.39917173462335864 0.40895062446898894 0.1782467173462336 0.13888889549702632
1 0.8498096302695233 0.4027779056924384 0.13807814098134072 0.15740765505522514
