2 0.397552 0.48697200000000007 0.07770089999999999 0.09164420000000004
2 0.669239 0.674304 0.13038799999999995 0.40700800000000004
2 0.177222 0.579066 0.11708399999999998 0.18598399999999998
2 0.338212 0.57637 0.10058500000000002 0.12309100000000008
2 0.46567300000000006 0.758311 0.13730700000000007 0.44743899999999986
2 0.275412 0.785714 0.14103200000000005 0.41599300000000006
1 0.5192395050558808 0.5085106963162623 0.07897814795103777 0.1432625247079964
2 0.7822200638637573 0.5390071877807726 0.09410164981373072 0.10212758310871518
2 0.9422769026077702 0.4900709793351302 0.08990069185737093 0.09787241689128481
1 0.8851438637573178 0.5028369272237198 0.07309705162320383 0.10638364779874214
2 0.11928988025545503 0.5246911904761904 0.08318287919105909 0.12962929919137467
1 0.31221250133049494 0.454612102425876 0.05897361362426823 0.09224030548068284
1 0.19643347525279403 0.41947279874213833 0.054637040979244274 0.08345512129380053
1 0.7818318254390633 0.47144968553459127 0.05810643959552954 0.07906289308176101
1 0.44316817456093666 0.40922371967654986 0.052035125066524746 0.07467026055705302
