2 0.79399 0.6890440000000001 0.10470899999999991 0.1321159999999999
2 0.251549 0.5198709999999999 0.06319699999999999 0.09022559999999999
2 0.508364 0.7948439999999999 0.13816600000000004 0.19548900000000002
2 0.343556 0.614393 0.09603470000000003 0.12889400000000006
2 0.291822 0.552095 0.08426270000000005 0.10311500000000001
2 0.560409 0.487648 0.0539033 0.08378089999999999
2 0.442069 0.55102 0.07744729999999998 0.12030099999999998
2 0.697646 0.725564 0.11028499999999987 0.23308299999999987
1 0.4978310000000001 0.45542399999999994 0.05018590000000002 0.07948439999999998
2 0.376394 0.508056 0.07001239999999999 0.09237380000000012
2 0.184944 0.564984 0.0712515 0.13104200000000002
2 0.9076830000000001 0.6922659999999999 0.11400199999999994 0.23737899999999992
2 0.274473 0.713749 0.122677 0.19656300000000007
2 0.410471 0.691192 0.107187 0.16433899999999996
2 0.153656 0.5204080000000001 0.07558860000000002 0.11278199999999995
2 0.505886 0.627283 0.09851300000000003 0.1997849999999999
1 0.590149 0.699248 0.09355639999999997 0.28571399999999997
2 0.363693 0.835124 0.14374200000000004 0.22663799999999995
1 0.22418556381660468 0.6205674274973146 0.09327447335811648 0.17163109559613318
1 0.683193280669145 0.625531686358754 0.11782037794299877 0.12482277121374866
1 0.6975116480793062 0.5602841031149302 0.08100148698884758 0.08794307196562835
