1 0.0327048 0.397665 0.0654095 0.6607139999999999
1 0.837655 0.110577 0.09369479999999997 0.218407
1 0.160872 0.09340659999999999 0.07071299999999997 0.186813
1 0.37153800000000003 0.596841 0.19622900000000001 0.767857
1 0.61815 0.25068699999999994 0.11903400000000017 0.35302199999999995
1 0.584856 0.123626 0.12669400000000014 0.21978
1 0.230407 0.116758 0.09428399999999998 0.233516
1 0.771361 0.16483500000000004 0.14849699999999988 0.24175800000000003
1 0.921037 0.135302 0.07307010000000005 0.270604
1 0.657835002946376 0.6402932692307692 0.22394342958161462 0.6998365384615385
1 0.8058479670005894 0.13621565934065935 0.09167707719505008 0.24632967032967035
1 0.9426632292280495 0.1492664835164835 0.1147713612256924 0.23001648351648352
