1 0.24865399999999996 0.261798 0.0753498 0.19101100000000001
2 0.530947 0.291573 0.053283100000000035 0.15393299999999996
2 0.09660929763186223 0.41629075842696633 0.081270199138859 0.4101085280898877
2 0.03579120021528526 0.3150140786516854 0.061894499461786864 0.18283734831460677
2 0.9359939881593111 0.360112 0.1141839720129171 0.194382
2 0.8484930000000002 0.392697 0.06081810000000012 0.18089900000000006
2 0.435684 0.29719100000000004 0.06942950000000005 0.18764000000000006
2 0.7386980000000001 0.650562 0.12109800000000001 0.6898880000000002
2 0.7946719999999999 0.429213 0.10818100000000008 0.20449400000000006
2 0.615716 0.674157 0.1797630000000001 0.6471910000000001
2 0.285522 0.564607 0.13293900000000006 0.558427
2 0.16334799999999997 0.45337099999999997 0.10279899999999999 0.4235959999999999
2 0.5966610791173305 0.3494153595505618 0.11625111410118408 0.19298276404494383
2 0.7013571178686759 0.25146182584269666 0.05952586114101184 0.12280668539325842
