1 0.540612 0.580316 0.2642729999999999 0.384401
1 0.6600940000000001 0.407614 0.13243099999999994 0.174559
1 0.639788 0.511142 0.23661000000000001 0.309192
1 0.2531115361977634 0.68226952181987 0.42529899941141847 0.5191489786443826
1 0.3866355238375515 0.6517729805013927 0.31110682165979986 0.5375886722376972
1 0.2432207180694526 0.4929076833797586 0.12498175397292524 0.24538983286908078
1 0.35201800176574455 0.45106392757660163 0.15555316656856974 0.2496455896007428
1 0.38213949381989404 0.3780139275766016 0.09531018246027075 0.17446796657381614
1 0.9229797998822837 0.38865235376044566 0.09081422012948794 0.17304938718662952
1 0.8182285314891112 0.4879433194057567 0.1708389935256033 0.2751774280408542
