1 0.317575 0.460512 0.153504 0.29143499999999994
1 0.7508339999999999 0.5706340000000001 0.1746380000000001 0.29143500000000006
1 0.29032299999999994 0.644049 0.18576199999999995 0.3203560000000001
1 0.0892659 0.777531 0.178532 0.44271400000000005
1 0.37096799999999996 0.839822 0.23804199999999998 0.318131
1 0.453838 0.5778639999999999 0.18353699999999998 0.448276
1 0.140712 0.5634040000000001 0.183537 0.35928800000000005
1 0.7733590000000001 0.757508 0.235261 0.43159100000000006
1 0.922692 0.615128 0.15350399999999997 0.39821999999999996
1 0.60762 0.695217 0.21078999999999998 0.3893210000000001
