1 0.0659517 0.23109199999999996 0.0707775 0.30612199999999995
1 0.20297965147453084 0.2941180072028811 0.09389530294906166 0.32893200480192075
1 0.043699699999999994 0.338535 0.0873995 0.36254500000000006
1 0.379357 0.166867 0.13244000000000003 0.24729899999999994
1 0.6806970000000001 0.12425000000000001 0.09383380000000001 0.20048000000000002
1 0.89008 0.141657 0.08150129999999994 0.18727500000000002
1 0.474263 0.658463 0.3201069999999999 0.6830730000000002
1 0.632172 0.21908800000000003 0.12439700000000012 0.24609800000000004
1 0.559517 0.10684299999999998 0.08632710000000016 0.163265
1 0.522252 0.23349299999999998 0.13941000000000003 0.272509
1 0.7621980000000002 0.348139 0.17748000000000008 0.403361
1 0.262466 0.159664 0.10563 0.17767099999999997
1 0.350134 0.404562 0.175871 0.446579
1 0.863539 0.25510199999999994 0.1785520000000001 0.32533
1 0.7187669999999999 0.602041 0.31367299999999987 0.611044
1 0.146649 0.602041 0.24611299999999997 0.771909
