2 0.32283099690082645 0.12427062295081968 0.054752097107438016 0.1350660655737705
2 0.519112 0.306557 0.10227300000000013 0.19672100000000003
2 0.666322 0.230328 0.07231399999999989 0.16885199999999997
2 0.23657 0.231148 0.07644629999999998 0.16393399999999997
2 0.7722110000000001 0.32541000000000003 0.10227300000000013 0.20163900000000004
2 0.198347 0.442623 0.12396700000000004 0.2590159999999999
2 0.8248969999999999 0.307377 0.09607440000000012 0.17541000000000007
1 0.569215 0.178689 0.07644630000000005 0.154098
2 0.404442 0.521311 0.15392599999999998 0.318033
2 0.600723 0.0655738 0.05888430000000009 0.0786885
1 0.6606400000000001 0.0942623 0.05681819999999998 0.10983599999999998
2 0.423037 0.239344 0.09814049999999999 0.170492
1 0.365186 0.16967200000000002 0.07954550000000006 0.159016
2 0.261364 0.304918 0.0826446 0.17049199999999998
2 0.609504 0.6016389999999999 0.12809899999999996 0.5278689999999999
2 0.163223 0.34918 0.08057850000000001 0.20655700000000002
2 0.2567509969008264 0.6997081967213115 0.15157032024793388 0.5247803278688524
2 0.3191051033057851 0.3872341557377049 0.1358651652892562 0.24113496721311475
2 0.6922878254132232 0.49432658196721313 0.1010049276859504 0.46950421311475404
1 0.7177627892561983 0.13333332786885244 0.06793260330578511 0.12198580327868852
1 0.9354155836776858 0.22907811475409837 0.07061422520661156 0.14609950819672132
2 0.10551394628099174 0.17669754098360654 0.06515599173553718 0.10030983606557377
2 0.1726145144628099 0.14351836885245903 0.05348584710743801 0.11111080327868852
