1 0.430208 0.20969799999999997 0.08402779999999994 0.200252
1 0.367708 0.13728 0.08263889999999997 0.18135999999999997
1 0.9628469999999999 0.31927 0.07430560000000004 0.25314899999999996
2 0.9409720000000001 0.4696404156171285 0.11805600000000001 0.2919248362720403
1 0.381944 0.603275 0.1875 0.5340050000000001
1 0.4958330000000001 0.3797229999999999 0.102778 0.457179
1 0.527431 0.79597 0.24097199999999994 0.3979850000000001
1 0.564236 0.36964700000000006 0.11874999999999993 0.336272
1 0.872222 0.23803500000000002 0.11111099999999996 0.21662500000000007
1 0.7788569444444445 0.18658896725440804 0.09484583333333334 0.1632653904282116
1 0.2785197916666667 0.3235724181360201 0.09526180555555555 0.24011712846347605
1 0.2025670138888889 0.15673803526448363 0.09385347222222222 0.2
