1 0.514646 0.40968800000000005 0.10606099999999992 0.37931
1 0.727778 0.12479500000000002 0.06969699999999993 0.11165800000000001
2 0.268182 0.568965 0.17272699999999994 0.323481
1 0.773737 0.31855500000000003 0.10707099999999994 0.21018100000000003
2 0.42626299999999995 0.228243 0.10101000000000009 0.19047600000000003
1 0.695960005050505 0.4935418390804598 0.109091 0.44192866995073893
2 0.278283 0.297209 0.089899 0.16748799999999994
1 0.907576 0.261084 0.06969699999999993 0.12479499999999999
2 0.422727 0.674056 0.17676799999999998 0.569787
1 0.338384 0.377668 0.12323200000000001 0.203612
1 0.5981141414141414 0.28425615763546797 0.09505252525252525 0.1661806239737274
1 0.20789848484848486 0.17206817733990148 0.06455252525252525 0.12808696223316912
1 0.6009118232323232 0.04938286535303777 0.0550600101010101 0.09567870279146141
1 0.6554969696969697 0.07947564039408868 0.0711979797979798 0.11882648604269294
1 0.8016905 0.17052463054187192 0.06740081818181819 0.12808702791461413
1 0.9379161616161615 0.2268513957307061 0.060755555555555556 0.13888834154351395
1 0.6687873737373737 0.23456823481116587 0.09587979797979798 0.15432165845648604
1 0.6113540404040404 0.5563273152709359 0.1367 0.5262342692939245
1 0.16622197474747474 0.3446807799671593 0.09161867676767677 0.17588638752052546
1 0.1212849898989899 0.1645393185550082 0.05060779797979798 0.11063893267651888
1 0.25522222222222224 0.21914860426929392 0.08289292929292928 0.15460919540229884
1 0.3224090707070707 0.11702123973727421 0.04973539393939394 0.1319148275862069
1 0.39308610606060607 0.10212784893267653 0.0427550606060606 0.11631244663382595
1 0.43366010101010105 0.13120607553366173 0.06282323232323232 0.1744679802955665
1 0.4650717171717172 0.04609906403940887 0.03141212121212121 0.08652436781609195
1 0.5104448434343435 0.06950380952380952 0.06805938383838384 0.11631257799671593
1 0.5052095959595959 0.1255320197044335 0.06980505050505051 0.1234055829228243
