1 0.47728699999999996 0.289711 0.08410070000000001 0.12093900000000003
1 0.282689 0.345668 0.12707199999999996 0.14801399999999998
1 0.38213600061387354 0.5111995081227436 0.15039899938612644 0.435757012635379
1 0.7701040000000001 0.6899819999999999 0.262124 0.6128159999999999
1 0.5429710006138735 0.5471758980144404 0.1945979987722529 0.4914637996389891
1 0.067833 0.41786999999999996 0.119705 0.17328500000000005
1 0.876305 0.4007220000000001 0.181093 0.22924199999999995
1 0.217618 0.691336 0.327195 0.34837499999999993
1 0.100675 0.514892 0.16942899999999997 0.262635
1 0.21948833640270107 0.3099292870036101 0.09165438919582566 0.1375890794223827
1 0.5590914917127072 0.32340408844765345 0.11095032535297729 0.15035427797833936
1 0.6599116022099448 0.27659576263537905 0.08875997544505831 0.11631208483754514
1 0.6854783271945978 0.36312048736462094 0.14954106200122774 0.16453880866425993
1 0.7725409545733578 0.3132718276173285 0.1070641927562922 0.13580291516245488
