2 0.908185 0.49912299999999993 0.12669000000000002 0.27368400000000004
2 0.363701 0.142544 0.07758010000000005 0.18333299999999997
2 0.947687 0.434211 0.10462600000000004 0.27017500000000005
1 0.080427 0.38157899999999995 0.133096 0.28421099999999994
2 0.426512 0.171053 0.07651250000000001 0.135088
1 0.42793600000000004 0.394298 0.12989300000000006 0.309649
1 0.145018 0.528509 0.160498 0.40438599999999997
1 0.440747 0.710965 0.21672599999999997 0.481579
1 0.304448 0.44824600000000003 0.14626300000000006 0.28947400000000006
2 0.483452 0.21359599999999998 0.09003559999999997 0.16754400000000003
1 0.602669 0.6263160000000001 0.22099599999999997 0.3807020000000001
1 0.23416400000000007 0.756579 0.2832740000000001 0.4798249999999999
1 0.686121 0.409211 0.11245599999999992 0.327193
2 0.3539329181494662 0.35258637280701755 0.09093131672597865 0.21896585087719297
