1 0.827381 0.736971 0.14377299999999985 0.288274
1 0.651099 0.38029299999999994 0.10989000000000007 0.252443
1 0.481685 0.21579800000000002 0.08608059999999995 0.11563500000000002
1 0.90293 0.285016 0.10256400000000016 0.140065
1 0.561813 0.4943 0.123626 0.27850199999999997
1 0.864469 0.361564 0.126374 0.1758960000000001
1 0.492216 0.169381 0.07234429999999997 0.09446249999999999
1 0.409341 0.733713 0.20329699999999998 0.5162869999999999
1 0.397894 0.276059 0.10347999999999999 0.144951
1 0.708333 0.254072 0.09065930000000003 0.11400699999999998
1 0.613095 0.24185700000000002 0.0851648 0.12215000000000001
1 0.306777 0.365635 0.10256399999999995 0.20684000000000005
1 0.532509 0.301303 0.09981689999999993 0.143322
1 0.318681 0.258143 0.09157510000000002 0.138436
1 0.44826 0.40146599999999993 0.11446899999999992 0.15797999999999998
1 0.209707 0.31759 0.10622700000000003 0.143322
1 0.16300399999999998 0.48534199999999994 0.14468899999999998 0.23126999999999992
1 0.0645604 0.421824 0.127289 0.15960900000000008
1 0.2843410027472527 0.7133814983713355 0.16391900183150182 0.550541986970684
1 0.8676739999999998 0.523616 0.15292999999999998 0.21987000000000004
1 0.41871260073260075 0.2120568973941368 0.06699421245421246 0.09219890879478827
1 0.7540815018315018 0.19574429967426712 0.05184065934065934 0.1106384364820847
