0 0.239041 0.41773800000000005 0.05890410000000002 0.12596399999999996
0 0.532877 0.233933 0.03287670000000003 0.11825200000000004
0 0.4326609246575343 0.34608853470437023 0.05984283561643836 0.1986030848329049
0 0.547945 0.245501 0.03561640000000017 0.141388
0 0.5895154246575343 0.260003059125964 0.034668657534246576 0.14837491002570694
0 0.516438 0.22622099999999998 0.03835619999999991 0.10796899999999998
0 0.213014 0.35347 0.03972599999999999 0.115681
0 0.7438359999999999 0.569409 0.07671230000000007 0.177378
0 0.14863 0.271208 0.047945200000000014 0.11568100000000005
0 0.633562 0.251928 0.05068490000000008 0.16966599999999996
0 0.271233 0.269923 0.03561640000000002 0.08226219999999998
0 0.580822 0.597686 0.134247 0.280206
0 0.299315 0.638817 0.09999999999999996 0.383033
0 0.417808 0.23907500000000004 0.04109589999999998 0.133676
0 0.321918 0.3920310000000001 0.04931509999999992 0.13624699999999998
0 0.891781 0.471722 0.0712329000000001 0.15681199999999998
0 0.368493 0.476864 0.07397259999999997 0.167095
0 0.46226849315068486 0.25036632390745506 0.04915342465753424 0.08491773778920308
0 0.27021762328767124 0.5099296015424165 0.07785291780821918 0.17730393316195375
0 0.3469367191780822 0.2950360668380463 0.034769328767123284 0.09078133676092545
