1 0.8039589999999999 0.605023 0.17752199999999987 0.335616
1 0.889527 0.84532 0.19923399999999986 0.27511400000000014
1 0.640522349936143 0.6384840182648402 0.13291570881226053 0.39650228310502283
1 0.3398911238825032 0.6654463470319635 0.135955938697318 0.5080525114155251
1 0.5561107918263091 0.5519765981735161 0.11138633461047255 0.2518299086757991
1 0.4602860791826309 0.6903367579908676 0.17035504469987228 0.469986301369863
1 0.45086749680715205 0.4626649543378995 0.13022286079182632 0.2928253424657534
1 0.4967324393358876 0.820644406392694 0.1711736909323116 0.3265011415525114
1 0.7420271392081736 0.8133236301369862 0.19820114942528735 0.33821347031963467
1 0.9226197318007663 0.7423133561643835 0.13513729246487868 0.2811130136986301
