1 0.0649142 0.449859 0.0761803 0.10875699999999999
2 0.103541 0.47952 0.0933476 0.10593200000000003
2 0.48014999999999997 0.483051 0.09978539999999997 0.11016899999999996
2 0.671674 0.557203 0.10085799999999984 0.13418100000000002
2 0.186159 0.569915 0.12553600000000004 0.1624289999999999
2 0.457618 0.797316 0.24141599999999994 0.23022599999999996
2 0.7885447103004292 0.64222822740113 0.14575841201716735 0.27769055084745764
2 0.48766099999999996 0.664548 0.17274699999999993 0.14830499999999988
2 0.321888 0.681497 0.16738200000000003 0.18220299999999987
2 0.310086 0.548023 0.12231800000000002 0.11864400000000001
2 0.5557022532188841 0.5183918079096046 0.1241469957081545 0.11071299435028248
2 0.8809550643776826 0.48579194915254237 0.11307484978540773 0.1082550847457627
1 0.9585654506437769 0.48037892655367237 0.07709656652360515 0.08930994350282485
1 0.399359356223176 0.4573744844632769 0.08531991416309012 0.11096007062146893
1 0.39524731759656656 0.5940458333333334 0.1367178111587983 0.14073036723163843
