1 0.658803 0.20800500000000002 0.07816899999999988 0.20078700000000005
1 0.8257039999999999 0.19685000000000002 0.07957750000000006 0.16797900000000002
1 0.326056 0.34645699999999996 0.09295770000000003 0.251969
1 0.8559860000000001 0.43044600000000005 0.130282 0.412073
1 0.536268 0.09711289999999999 0.07535209999999995 0.167979
1 0.549648 0.28937 0.1021129999999999 0.274278
2 0.37605600000000006 0.417979 0.1394370000000001 0.34514400000000006
2 0.938732 0.270341 0.12112700000000004 0.19422600000000004
2 0.295423 0.24540700000000001 0.103521 0.23097100000000004
2 0.246479 0.17650900000000003 0.09295770000000003 0.18241500000000002
1 0.8950700000000001 0.7742780000000001 0.2098589999999999 0.44619400000000004
2 0.7422540000000001 0.662073 0.16197200000000006 0.6286089999999999
1 0.49894399999999994 0.23359600000000003 0.08239439999999999 0.199475
1 0.4540929577464789 0.6588923884514435 0.16661830985915493 0.603498687664042
1 0.7350039330985915 0.3052709973753281 0.11549519014084508 0.28550524934383203
