0 0.9782609999999999 0.29988900000000007 0.04347830000000011 0.10033400000000005
0 0.4270689999999999 0.34894099999999995 0.07433380000000005 0.182832
0 0.9572230000000002 0.4147159999999999 0.08555399999999984 0.19398
0 0.23351999999999998 0.320513 0.061711100000000005 0.11705699999999998
0 0.70021 0.41137100000000004 0.07223000000000003 0.23634300000000003
0 0.8141650000000001 0.45373499999999994 0.10238399999999993 0.18060199999999996
0 0.609046 0.513935 0.14796600000000007 0.28539600000000004
0 0.836957 0.713489 0.17601700000000006 0.566332
0 0.4876612903225806 0.284773132664437 0.05249649368863955 0.09809698996655518
0 0.5258818373071529 0.3836016332218506 0.11604417952314167 0.16691044593088072
