0 0.626482 0.22796600000000003 0.08563900000000008 0.26949200000000006
1 0.13043499999999997 0.512712 0.22397899999999998 0.3
0 0.298419 0.302542 0.10671900000000004 0.21525400000000003
1 0.34387399999999996 0.611017 0.310935 0.418644
0 0.895257 0.513559 0.17523099999999994 0.38305100000000003
0 0.604084 0.571186 0.18840600000000002 0.379661
0 0.768116 0.7381359999999999 0.384717 0.4661019999999999
0 0.1184137022397892 0.30539406779661016 0.1189802371541502 0.22011694915254237
0 0.4861198945981554 0.2653059322033898 0.0838524374176548 0.18075762711864407
0 0.18233845191040843 0.2515434745762712 0.07917289855072464 0.15123508474576272
