1 0.6176630000000001 0.26 0.06785140000000009 0.23058800000000002
1 0.22671 0.422353 0.0786214 0.24
1 0.7014 0.343529 0.07808290000000002 0.298824
1 0.144319 0.7164710000000001 0.146473 0.557647
1 0.441303 0.148824 0.05438880000000001 0.13058800000000004
1 0.282714 0.25235300000000005 0.052773300000000016 0.27882400000000007
1 0.6647819999999999 0.39941199999999993 0.12116299999999987 0.24352899999999994
1 0.822563 0.43352899999999994 0.140549 0.42941199999999996
1 0.555466 0.5964709999999999 0.12116299999999999 0.6070589999999999
1 0.2951 0.688235 0.145396 0.604706
1 0.466074 0.47294100000000006 0.09423800000000004 0.503529
1 0.19298922994076467 0.3518305705882353 0.06441680129240711 0.1910753294117647
1 0.31841908723747975 0.21967948823529412 0.04294479806138934 0.14645278823529412
1 0.3503658508346796 0.35640728235294117 0.0649406408185245 0.3855836
1 0.48600817985998923 0.2694507823529412 0.045039515347334406 0.17734549411764708
1 0.559852014001077 0.31636184117647054 0.10264815293484114 0.22540102352941177
1 0.8913640253096392 0.41361585294117653 0.10893269251480885 0.34439417647058823
1 0.5538294103392569 0.21224294117647058 0.06336971997845989 0.13844352941176472
