0 0.612277 0.740618 0.09013209999999997 0.32450300000000004
0 0.115773 0.771523 0.144522 0.2626930000000001
0 0.4386169999999999 0.833333 0.11421899999999993 0.32450300000000004
0 0.828671 0.799117 0.09401709999999998 0.384106
0 0.301088 0.822296 0.09712509999999998 0.34657800000000005
0 0.44405600000000006 0.735099 0.06138309999999998 0.31346599999999997
0 0.737374 0.742826 0.07303810000000001 0.395143
0 0.651127 0.854305 0.09945610000000008 0.278146
0 0.322455 0.6743930000000001 0.07148410000000005 0.337748
0 0.04023659285159286 0.8320075055187638 0.07907303030303031 0.33200706401766006
