0 0.427019 0.169106 0.04037270000000003 0.19837399999999997
0 0.6506209999999999 0.23577200000000004 0.0652174000000001 0.321951
0 0.473214 0.396748 0.10636599999999992 0.26666699999999993
0 0.45652200000000004 0.24796700000000002 0.06677019999999999 0.20650400000000002
0 0.274845 0.24715399999999998 0.060559000000000016 0.13333299999999995
0 0.598602 0.22113800000000003 0.0807453 0.19187
0 0.362189 0.194309 0.05512419999999994 0.12520300000000004
0 0.33643480590062114 0.260411837398374 0.08746490683229813 0.15659567479674796
0 0.066382 0.38536599999999993 0.12344699999999999 0.24065
0 0.710404 0.679675 0.13664600000000007 0.46504100000000004
0 0.516693 0.203252 0.08618009999999994 0.172358
0 0.767469 0.24146300000000004 0.07996889999999979 0.23251999999999998
0 0.24535442546583852 0.6763845528455285 0.1343361801242236 0.5481056910569105
0 0.35393711180124227 0.7339642276422764 0.14686490683229814 0.5116617886178862
0 0.36721506211180127 0.3643696016260162 0.10991925465838509 0.22727253658536584
0 0.547847049689441 0.4354845528455284 0.05670962732919255 0.4017593495934959
