2 0.354909 0.12181099999999999 0.09461600000000003 0.161317
2 0.886975 0.239918 0.12470300000000013 0.178601
2 0.9390339999999999 0.379424 0.12193199999999994 0.24691399999999997
2 0.437846 0.23539100000000002 0.15439400000000003 0.368724
2 0.16152 0.13786 0.11480600000000002 0.20822999999999997
2 0.247625 0.280247 0.180127 0.397531
2 0.46377699999999994 0.786831 0.32343600000000006 0.4263369999999999
2 0.775139 0.298765 0.18131400000000003 0.20905399999999996
2 0.782462 0.521811 0.26088699999999987 0.37695499999999993
2 0.599169 0.412757 0.21258899999999992 0.344856
2 0.24802100000000005 0.5855970000000001 0.27830600000000005 0.4337450000000001
