1 0.562252 0.284722 0.1841059999999999 0.270833
1 0.493377 0.45138900000000004 0.263576 0.350694
1 0.3753403973509934 0.19854302083333333 0.12344635761589404 0.21807368055555554
1 0.18961640397350993 0.22720503472222223 0.12344533774834436 0.21534302083333334
1 0.2980481986754967 0.3075807291666666 0.16236982781456955 0.28863020833333336
1 0.06061059602649006 0.3556857638888889 0.10342781456953641 0.3002916666666666
1 0.19517696026490067 0.4868802083333333 0.28359045033112584 0.41399305555555554
1 0.7428960264900661 0.38702604166666665 0.21130198675496686 0.3571423611111111
1 0.4415112582781457 0.7142855902777777 0.43150198675496687 0.5422725694444445
1 0.8290854304635762 0.6836736111111111 0.3080569536423841 0.5072881944444444
1 0.8896940397350994 0.23352864583333333 0.13515761589403974 0.24450868055555552
1 0.6020655629139073 0.15080515625000002 0.09382913907284768 0.17569524305555556
1 0.4451264900662251 0.17789171875 0.10611523178807948 0.19765753472222222
