0 0.47005288940092166 0.3512110034602076 0.05344240552995392 0.20069200692041522
1 0.340553 0.39705900000000005 0.100461 0.20242200000000002
2 0.12995400000000001 0.42128 0.116129 0.1955020000000001
1 0.35852500000000004 0.7439450000000001 0.2967740000000001 0.5051900000000001
0 0.60553 0.308824 0.07004610000000011 0.13321800000000003
1 0.743779 0.612457 0.18617499999999998 0.41522499999999996
2 0.5290320000000001 0.353806 0.0737327 0.11591700000000003
2 0.187097 0.429931 0.175115 0.2716260000000001
0 0.669124 0.37456700000000004 0.1198159999999999 0.2093430000000001
0 0.5981570000000002 0.5449829999999999 0.1788019999999999 0.31141899999999995
1 0.8921659999999999 0.542388 0.1843319999999999 0.2647060000000001
2 0.20599100000000004 0.646194 0.271889 0.416955
