0 0.572802 0.24611399999999997 0.035714299999999935 0.10880800000000003
0 0.44505500000000003 0.221503 0.04670330000000004 0.11139900000000003
0 0.84478 0.489637 0.054945100000000135 0.16580299999999998
0 0.148352 0.22538900000000003 0.043955999999999995 0.14507800000000004
0 0.738324 0.55829 0.07829670000000012 0.17875599999999994
0 0.578984 0.59715 0.0892857 0.2046630000000001
0 0.6848007074175825 0.3691710103626943 0.07289721153846154 0.20466300518134717
0 0.78228 0.3886009999999999 0.05357139999999998 0.11917100000000004
0 0.789835 0.496114 0.07417579999999988 0.18911899999999998
0 0.21772 0.387306 0.05082419999999997 0.15285000000000004
0 0.353709 0.305699 0.05357140000000002 0.12435200000000003
0 0.39629100000000006 0.340674 0.06730769999999993 0.17875600000000003
0 0.593407 0.313471 0.06043960000000007 0.170984
0 0.8997250000000001 0.46243499999999993 0.05494509999999998 0.14248699999999997
0 0.625 0.275907 0.03846149999999994 0.11658000000000002
0 0.733516 0.396373 0.060439599999999996 0.11399000000000004
0 0.4024730000000001 0.205959 0.041208800000000025 0.13212400000000002
0 0.466346 0.27720200000000006 0.048076899999999964 0.14507800000000007
0 0.308379 0.380829 0.05082420000000001 0.12953400000000004
0 0.465659 0.439119 0.07692310000000004 0.158031
0 0.288462 0.667098 0.10164799999999999 0.2927459999999999
0 0.59272 0.427461 0.06456039999999993 0.12953400000000007
0 0.353709 0.458549 0.07280220000000007 0.17098399999999997
0 0.44086288461538464 0.6776826943005182 0.12456368131868133 0.2503083937823834
0 0.12653846153846154 0.4114209844559586 0.06676373626373626 0.14055699481865286
0 0.24609065934065932 0.4765738341968912 0.07918406593406593 0.16837564766839377
0 0.6456648351648352 0.33971632124352336 0.035348901098901105 0.10638082901554405
