1 0.566321 0.172638 0.07772019999999984 0.13354999999999997
1 0.603627 0.28745899999999996 0.08601040000000003 0.13517899999999997
1 0.407254 0.6897389999999999 0.1512949999999999 0.600977
1 0.51399 0.44462499999999994 0.10362699999999997 0.456026
2 0.669948 0.23126999999999998 0.10051800000000011 0.188925
1 0.600518 0.0716612 0.05492230000000001 0.0781759
2 0.731606 0.221498 0.07253890000000007 0.130293
2 0.76943 0.131922 0.05699479999999993 0.10423500000000001
1 0.76943 0.131107 0.05699479999999993 0.105863
1 0.253368 0.6091210000000001 0.156477 0.3061890000000001
2 0.202591 0.42101 0.108808 0.23289900000000002
1 0.6730570000000001 0.104235 0.054922300000000125 0.09120519999999999
2 0.511399 0.201954 0.10051799999999993 0.14983699999999997
1 0.20621800000000004 0.18566800000000003 0.05181350000000002 0.117264
1 0.318653 0.138436 0.06113990000000005 0.11726399999999998
2 0.11813500000000002 0.17426700000000003 0.06632120000000001 0.117264
1 0.427461 0.23615600000000006 0.0963731 0.16938100000000003
2 0.2684941865284974 0.29660528501628664 0.09513461139896373 0.19506242671009774
2 0.827461 0.191368 0.08808290000000019 0.12215000000000002
1 0.369948 0.175081 0.0746114 0.16449499999999997
1 0.331088 0.398208 0.13160600000000003 0.21661199999999997
2 0.608808 0.586319 0.12538900000000006 0.514658
2 0.696891 0.5002450895765472 0.11917099481865286 0.35553819218241045
1 0.28180451295336784 0.11419758957654721 0.05891383419689119 0.13580234527687296
1 0.3475917098445596 0.08410517100977198 0.06284145077720207 0.10339552117263844
1 0.9539131917098446 0.2469135912052117 0.04614916062176166 0.12345682410423453
1 0.9062909378238342 0.2592595846905537 0.09426164766839379 0.14197594462540716
1 0.8571961606217616 0.17978410423452768 0.0412399896373057 0.12191387622149837
2 0.45903730569948187 0.10185144951140065 0.05007668393782383 0.09567820846905538
1 0.5513352331606217 0.042438925081433224 0.05204041450777202 0.07561726384364821
