0 0.582278 0.337248 0.05983889999999995 0.12192400000000006
0 0.5322210000000002 0.267338 0.05753739999999996 0.12975400000000004
0 0.13607600000000003 0.511186 0.10299200000000003 0.46532400000000007
0 0.336306 0.449664 0.10989600000000001 0.3758389999999999
0 0.447353 0.361857 0.08573070000000008 0.15771800000000005
0 0.52244 0.673937 0.14269299999999996 0.64094
0 0.397008 0.311521 0.056386599999999974 0.121924
0 0.8826240000000001 0.371924 0.10011499999999993 0.15548099999999995
0 0.2933420598388953 0.3374815436241611 0.07154718066743383 0.12152237136465326
0 0.6330017261219794 0.4040995525727069 0.1001657077100115 0.1493400447427293
0 0.859315592635213 0.7174228187919462 0.16870023014959726 0.5592975391498881
