2 0.0692308 0.567609 0.137469 0.27196299999999995
1 0.912903 0.331551 0.111663 0.15584399999999995
1 0.557072 0.385409 0.10272999999999999 0.26050400000000007
1 0.0687345 0.567227 0.137469 0.272727
1 0.06650120000000001 0.43773900000000004 0.131017 0.18334600000000004
2 0.741687 0.4209319999999999 0.14739499999999991 0.25210099999999996
1 0.342928 0.46715100000000004 0.16674900000000006 0.23300199999999996
1 0.4736969999999999 0.44117599999999996 0.18411899999999998 0.23147399999999996
1 0.19280399999999998 0.525592 0.18114099999999997 0.250573
1 0.8148915632754342 0.3497971734148205 0.09318064516129032 0.13937738731856378
1 0.6338047146401986 0.30514205118411003 0.07559950372208436 0.1610283498854087
1 0.3494277915632754 0.27875490068754777 0.06417171215880894 0.12178584415584415
