1 0.21749699999999997 0.132695 0.09963549999999999 0.24076600000000004
1 0.441981 0.154583 0.119684 0.270862
1 0.572297 0.05540359999999999 0.08505469999999997 0.11080699999999999
2 0.943803 0.167579 0.10753300000000007 0.19015
2 0.772783 0.186731 0.15066800000000002 0.2640219999999999
2 0.9262727095990279 0.3878249931600547 0.1474545808019441 0.49657999999999997
1 0.23906399999999997 0.331737 0.13183500000000004 0.41176500000000005
2 0.497266 0.0807114 0.09295260000000005 0.161423
1 0.470231 0.39261299999999993 0.13973300000000002 0.391245
1 0.14641599999999996 0.0567715 0.08626969999999999 0.113543
1 0.556501 0.150479 0.09112999999999996 0.19151800000000002
1 0.217193 0.133379 0.0990279 0.24213400000000002
2 0.8420410000000002 0.10465100000000001 0.10085099999999995 0.20930200000000002
2 0.08505470000000001 0.20451399999999997 0.108141 0.20930200000000002
0 0.605711 0.270862 0.128797 0.262654
2 0.382442 0.6217509999999999 0.18165200000000004 0.7400819999999999
1 0.682868 0.541724 0.22843299999999986 0.522572
1 0.6521728432563791 0.07322777017783857 0.07203584447144593 0.14015731874145007
2 0.8088341433778857 0.13622093023255813 0.07483353584447144 0.22834610123119015
