0 0.9329917374581939 0.38693381003584226 0.13313904013377928 0.26661213620071683
0 0.385619 0.22652300000000003 0.08093649999999993 0.217921
0 0.19097 0.375269 0.09966559999999998 0.314695
1 0.116221 0.764875 0.22708999999999996 0.46164900000000003
0 0.686957 0.303226 0.10367900000000013 0.25519699999999995
0 0.425418 0.48566300000000007 0.12842800000000001 0.275986
0 0.671906 0.876702 0.1411370000000001 0.23942700000000003
0 0.300334 0.443369 0.136455 0.296057
0 0.418395 0.350896 0.12842799999999993 0.26595
0 0.705853 0.573477 0.12073599999999991 0.2767029999999999
0 0.848829 0.596057 0.15852799999999986 0.303226
0 0.8267559999999999 0.75448 0.20602 0.48243699999999995
0 0.595987 0.684588 0.19464899999999996 0.473118
0 0.5814937140468227 0.21720117204301076 0.08705404347826086 0.19533529032258065
1 0.3098709030100334 0.3088455197132617 0.09233177257525084 0.22788602150537635
