2 0.634123 0.366294 0.13124200000000014 0.37935300000000005
0 0.7263119999999998 0.258085 0.10819499999999992 0.22014900000000004
1 0.403969 0.0833333 0.07170290000000001 0.166667
1 0.603713 0.118781 0.06530090000000004 0.172886
1 0.324264 0.212065 0.08770809999999998 0.220149
1 0.56242 0.269279 0.0928297 0.24253699999999997
1 0.472471 0.663557 0.16517300000000007 0.6728860000000001
1 0.8210630000000001 0.17102000000000003 0.08514720000000003 0.152985
1 0.3508319999999999 0.311567 0.0896287 0.22761200000000004
2 0.44270200000000004 0.13184099999999999 0.08898850000000008 0.18656699999999998
1 0.403329 0.38432800000000006 0.12676099999999998 0.310945
1 0.13764399999999996 0.464552 0.166453 0.29477600000000004
1 0.543854 0.0758706 0.06722150000000003 0.151741
1 0.8389880000000001 0.31903 0.13124200000000014 0.277363
2 0.907811 0.242537 0.10243299999999987 0.18905500000000003
1 0.28617200000000004 0.14801 0.0832266 0.18159200000000003
1 0.508963 0.208955 0.08322659999999997 0.18905499999999995
1 0.599232 0.79291 0.24071700000000007 0.4042289999999999
1 0.889245 0.749378 0.2202299999999999 0.49626900000000007
2 0.731434 0.643035 0.17093499999999998 0.631841
1 0.9465382586427658 0.4591840796019901 0.10429546734955185 0.271136815920398
