2 0.8213200000000002 0.317059 0.15402099999999994 0.302353
1 0.415781 0.49 0.19878599999999996 0.3870590000000001
1 0.8217000000000001 0.317647 0.15478 0.303529
1 0.911988 0.587647 0.176024 0.7423530000000002
1 0.15326299696509862 0.6088066470588235 0.14870999999999998 0.7682023058823529
1 0.38356552352048556 0.6953352941176472 0.18614209408194235 0.48396470588235296
1 0.576931335356601 0.608345294117647 0.1945136570561457 0.44070235294117643
1 0.2549448899848255 0.6458176235294117 0.16618609256449166 0.6913434823529412
1 0.7398129248861912 0.5944364705882352 0.1803496737481032 0.3865294117647059
1 0.7572811077389985 0.7833088235294118 0.2360599393019727 0.4333823529411765
