1 0.951431 0.462459 0.09713860000000002 0.256801
0 0.144578 0.469532 0.134036 0.2361259999999999
0 0.729292 0.437432 0.11069299999999985 0.21545199999999998
1 0.870482 0.37704 0.07379519999999988 0.14037000000000005
1 0.8324549999999998 0.557127 0.21310200000000018 0.43525600000000003
1 0.340361 0.40914 0.09939759999999995 0.1566919999999999
2 0.535768 0.626224 0.246235 0.284004
1 0.07868979999999999 0.54407 0.152861 0.28291599999999995
2 0.22477399999999997 0.682263 0.30497 0.34385200000000005
0 0.442395 0.423286 0.12575299999999998 0.20021800000000006
1 0.283133 0.505985 0.221386 0.26115299999999997
0 0.6163400000000001 0.455386 0.1543669999999999 0.24265499999999995
