0 0.8160840000000001 0.4416669999999999 0.051748299999999955 0.12222199999999993
0 0.22103853846153845 0.383333 0.044993300699300694 0.111111
0 0.33007 0.43333299999999997 0.061538500000000024 0.15555599999999994
0 0.608392006993007 0.3667554027777778 0.058741300699300704 0.18315619444444442
0 0.46223800000000004 0.731944 0.11328699999999998 0.252778
0 0.623776 0.47638900000000006 0.0671329 0.14722200000000008
0 0.425874 0.42361100000000007 0.06573430000000008 0.141667
0 0.37972 0.523611 0.0797203 0.18611099999999997
0 0.6058612727272726 0.6712062222222223 0.10089563636363635 0.22178988888888887
0 0.16918391608391609 0.3008791666666667 0.03906993006993007 0.09516944444444445
