1 0.563536 0.556281 0.11602200000000015 0.437194
1 0.8660220000000001 0.36215300000000006 0.12615099999999993 0.179445
1 0.904696 0.28548099999999993 0.10589300000000015 0.14681900000000003
1 0.656077 0.424959 0.10405200000000006 0.3703099999999999
1 0.49539599999999995 0.166395 0.06445669999999999 0.08809139999999999
1 0.615562 0.24551400000000004 0.0745856 0.122349
1 0.7136279999999999 0.261827 0.09023940000000001 0.109299
1 0.16068100000000002 0.47960800000000003 0.13535900000000003 0.24796100000000004
1 0.858656 0.517129 0.1316759999999999 0.23490999999999995
1 0.39825 0.273246 0.10221000000000002 0.141925
1 0.413444 0.208809 0.07918970000000002 0.09461659999999998
1 0.485267 0.215334 0.0828729 0.11419200000000003
1 0.28407 0.708525660685155 0.17035 0.5687643066884176
1 0.5382139999999999 0.304241 0.0911602 0.145188
1 0.453959 0.402121 0.121547 0.171289
1 0.210866 0.319739 0.10313099999999999 0.14029400000000006
1 0.0639963 0.42006499999999997 0.127993 0.164763
1 0.41942899999999994 0.7340950000000002 0.19981599999999997 0.5122350000000001
1 0.8207661510128913 0.7310497716150082 0.185135211786372 0.2842561500815661
1 0.7602154696132596 0.27163132137030993 0.07125782688766114 0.28794453507340945
