2 0.404627 0.38774600000000004 0.13316800000000006 0.37617800000000007
1 0.30113 0.311482 0.109855 0.352185
1 0.219887 0.18980299999999997 0.09219359999999997 0.172237
1 0.6886270646414695 0.6081209682947729 0.1034956764394207 0.7192419365895458
1 0.209643 0.695801 0.17202400000000004 0.599829
2 0.9365949982338395 0.4356949914310197 0.12469099964676793 0.23557097686375322
2 0.818615 0.411739 0.12115900000000007 0.32133699999999993
2 0.09537270000000002 0.410883 0.12292500000000002 0.2802059999999999
2 0.41432144118685976 0.16808168380462724 0.09658141999293536 0.20373551842330764
1 0.6960180536912752 0.1842104498714653 0.06788704344754504 0.1884548500428449
