0 0.34507 0.37370600000000004 0.09295770000000003 0.3002070000000001
0 0.5746324295774647 0.4503109937888199 0.17743384507042254 0.3333330020703934
0 0.7422540000000001 0.6138719999999999 0.17183100000000012 0.7474119999999999
0 0.8922540000000001 0.531056 0.10281699999999991 0.412008
0 0.265493 0.347826 0.09718309999999995 0.293996
0 0.46126799999999996 0.33850899999999995 0.07464790000000004 0.24637699999999996
0 0.15281699999999998 0.668737 0.22957699999999998 0.658385
1 0.23849498591549295 0.5481050621118012 0.15172518309859154 0.20699687370600414
0 0.6748033169014084 0.3506588612836439 0.04083733802816901 0.15080525879917184
0 0.5263965985915493 0.38799414078674943 0.05278905633802817 0.10834554865424431
0 0.046812830985915495 0.42532919254658386 0.07968138028169014 0.15373498964803314
