1 0.5924589999999998 0.0561983 0.05681819999999998 0.10247900000000001
2 0.59969 0.560331 0.13739699999999994 0.558678
2 0.102789 0.16281000000000004 0.0547521 0.117355
1 0.417355 0.23057899999999998 0.09090909999999999 0.18016499999999996
1 0.186467 0.170248 0.054752099999999984 0.14876
1 0.655992 0.242975 0.09504129999999991 0.17190099999999997
2 0.143079 0.353719 0.08574379999999997 0.175207
2 0.9075410000000002 0.26281 0.08574379999999998 0.132231
2 0.26084700000000005 0.306612 0.08574380000000001 0.166942
1 0.25361600206611573 0.7059025371900828 0.170455 0.5853580661157025
1 0.396178 0.675207 0.15599200000000005 0.626446
2 0.5501030000000001 0.182645 0.06508259999999995 0.147107
1 0.6911925774793389 0.5061015950413223 0.12825315082644628 0.46013720661157026
1 0.835744 0.16859500000000002 0.057851200000000005 0.132231
1 0.5852269999999999 0.27190100000000006 0.10433899999999996 0.16363600000000003
1 0.504132 0.415702 0.11156999999999992 0.37520700000000007
1 0.751033 0.3 0.10330599999999993 0.203306
1 0.816632 0.282645 0.10227300000000002 0.208264
1 0.316632 0.380992 0.11260300000000001 0.209917
1 0.16312035123966945 0.1276593966942149 0.0496456611570248 0.13049608264462811
1 0.3333333935950413 0.07021311570247933 0.047872469008264466 0.10638368595041321
1 0.35328024276859504 0.16241153719008267 0.07535480371900827 0.12907761983471075
1 0.30319130681818185 0.12411349586776858 0.056737221074380166 0.11489366942148761
1 0.49113464359504133 0.13120578512396697 0.06560261363636363 0.09787272727272728
1 0.4441489359504132 0.04751735537190083 0.04432623966942149 0.08936198347107438
1 0.36480526859504125 0.039006611570247936 0.03989359504132231 0.0723404958677686
1 0.4982267561983471 0.07092231404958678 0.047872933884297524 0.11347438016528925
1 0.5372339462809917 0.04042561983471074 0.04964557851239669 0.07517851239669421
1 0.6453902479338844 0.08439715702479339 0.06737553719008264 0.10638297520661157
1 0.9250888429752065 0.22836885950413224 0.0664896694214876 0.14184409917355373
1 0.1962846074380165 0.40702809917355376 0.12353615702479338 0.24304462809917354
