2 0.052814999999999994 0.332313 0.104558 0.19216599999999995
1 0.0410188 0.764382 0.0809651 0.419829
1 0.572118 0.771114 0.22627299999999995 0.44553200000000004
2 0.671582 0.402693 0.11849899999999994 0.30110200000000004
2 0.915281 0.4388000000000001 0.11045600000000014 0.28274199999999994
2 0.171046 0.5514080000000001 0.11474499999999999 0.461444
2 0.449062 0.29743 0.09812330000000002 0.24969399999999997
2 0.42949099999999996 0.616891 0.16729199999999989 0.36474899999999993
2 0.8227880000000001 0.49020800000000003 0.15388699999999997 0.2900860000000001
2 0.765147 0.753978 0.19517399999999993 0.308446
2 0.3589447721179625 0.2613635250917993 0.07231313672922252 0.20693757649938802
