1 0.49683 0.281339 0.03839379999999998 0.07692310000000001
1 0.26858000000000004 0.305556 0.05530120000000001 0.115385
1 0.871257 0.325142 0.05177879999999985 0.12321899999999997
1 0.723846 0.30199400000000004 0.06833390000000009 0.11965800000000001
1 0.712751 0.35185200000000005 0.059528000000000005 0.12535600000000002
1 0.608841 0.268162 0.041916199999999945 0.08760679999999997
1 0.569215 0.276709 0.04226839999999998 0.09615379999999998
1 0.656921 0.36146700000000004 0.08665019999999994 0.13746400000000006
1 0.575555 0.332621 0.07115179999999993 0.12108299999999994
1 0.309968 0.707621 0.14300799999999997 0.5605409999999998
1 0.361395 0.355769 0.08594579999999999 0.143162
1 0.225608 0.432692 0.11377200000000001 0.227208
1 0.126101 0.586182 0.196548 0.27635300000000007
1 0.09281440000000002 0.459758 0.132089 0.21011399999999994
1 0.552659 0.617165 0.11482899999999997 0.5192310000000001
1 0.4500098626276858 0.41874074074074075 0.0876125396266291 0.1551980056980057
1 0.44059704121169424 0.29428988603988604 0.0470644593166608 0.09956125356125356
1 0.10969672419866149 0.32942893874643875 0.061546319126452975 0.11420195156695157
1 0.028600739697076438 0.36676424501424504 0.05285699189855583 0.1508048433048433
1 0.9431021486438887 0.3594437321937322 0.09195702712222613 0.1390925925925926
1 0.17887633497710462 0.3936168696581197 0.07155060584712927 0.16595714387464386
1 0.6534245051074322 0.44822681267806275 0.09890818598097922 0.1985818304843305
