0 0.438549 0.332386 0.08932850000000002 0.15568199999999996
0 0.719424 0.409659 0.08633090000000011 0.364773
0 0.47452 0.260227 0.04616310000000003 0.11590900000000004
0 0.579736 0.3068179999999999 0.07793760000000009 0.13181800000000002
0 0.805456 0.29602300000000004 0.08333330000000014 0.13750000000000004
0 0.279077 0.314205 0.07613909999999997 0.148864
0 0.392686 0.264205 0.0671463 0.15795500000000007
0 0.515887 0.6573859999999999 0.14448400000000008 0.6647729999999998
0 0.8663069994004796 0.6917115284090909 0.16426899880095924 0.6052129431818182
0 0.336784670263789 0.47730568181818184 0.08805854916067148 0.6207909090909092
