2 0.518898 0.657525 0.11339100000000006 0.15893099999999996
1 0.099892 0.469761 0.0982721 0.13502100000000009
2 0.181965 0.5590719999999999 0.12634999999999996 0.11955000000000006
2 0.5620950000000001 0.504923 0.10259200000000009 0.14345999999999995
2 0.468682 0.479606 0.09071270000000003 0.12376900000000006
2 0.307235 0.54993 0.13066999999999995 0.12376899999999998
2 0.882829 0.48312199999999994 0.11986999999999993 0.10267200000000001
2 0.664147 0.568917 0.12095000000000009 0.11955000000000006
2 0.807235 0.644866 0.17818599999999998 0.26582299999999986
1 0.6805427861771058 0.42760490857946554 0.08311961123110151 0.0947226722925457
1 0.3968963282937365 0.46008107594936704 0.07688552915766739 0.10825416315049227
1 0.5058833693304535 0.7884334458509142 0.1438963282937365 0.18008770745428973
