1 0.7237280000000001 0.256773 0.06212820000000007 0.13177300000000003
1 0.911104 0.446429 0.17382699999999995 0.289409
1 0.733642 0.421798 0.14408500000000005 0.21798000000000003
1 0.8248509999999999 0.34913800000000006 0.11632499999999993 0.22044300000000006
1 0.244878 0.4926110000000001 0.131527 0.3990150000000001
1 0.37871800000000005 0.4076350000000001 0.10310600000000006 0.251232
1 0.941837 0.325739 0.11632500000000008 0.21059099999999994
1 0.140449 0.7635469999999999 0.265036 0.44088700000000003
1 0.526107 0.45628100000000005 0.11368099999999995 0.24999999999999992
1 0.518176 0.8454430000000001 0.21414400000000006 0.29926100000000005
1 0.8588900000000002 0.7586210000000001 0.23859900000000003 0.4753689999999999
1 0.251818 0.346059 0.11896899999999999 0.17734000000000003
1 0.590218 0.646552 0.20489099999999985 0.5221680000000001
