2 0.7574600000000001 0.577575 0.3103150000000001 0.4089199999999999
2 0.15307589940323957 0.25125599874371857 0.19257020460358057 0.21356800251256283
2 0.404945 0.7317840000000001 0.31287299999999996 0.4597990000000001
2 0.7640669999999999 0.3815950000000001 0.262148 0.351131
2 0.931799 0.45414600000000005 0.13555000000000006 0.37814099999999995
2 0.144714 0.660804 0.286871 0.39070399999999994
2 0.0986786 0.45917100000000005 0.193095 0.2512559999999999
1 0.5218111679454391 0.3578718592964824 0.23444416027280476 0.30758040201005027
1 0.4673207587382779 0.18865263819095476 0.1819228473998295 0.2354610552763819
1 0.8624501278772378 0.2382978203517588 0.12320716112531968 0.235460891959799
1 0.5438440537084399 0.5517729679648242 0.20791206308610402 0.33758848618090453
