1 0.397312 0.594864 0.143011 0.13979999999999998
1 0.10914 0.47788899999999995 0.1 0.11412299999999993
1 0.454839 0.7917259999999999 0.22795699999999997 0.22253899999999993
1 0.473118 0.482882 0.0946237 0.11840199999999998
1 0.336022 0.6754639999999998 0.158065 0.19258199999999998
2 0.795699 0.637661 0.16989199999999996 0.293866
2 0.6618279999999999 0.570613 0.1236559999999999 0.11697599999999993
1 0.489785 0.6604849999999999 0.153763 0.16833099999999998
2 0.310753 0.552782 0.131183 0.11269599999999996
2 0.565054 0.517118 0.10645199999999994 0.132668
1 0.19037213978494621 0.5512446504992867 0.09380664516129032 0.13616405135520684
1 0.8834376344086021 0.48682239657631954 0.10042795698924731 0.10395292439372325
1 0.6803735053763441 0.4260615049928673 0.08277066666666667 0.12298683309557774
1 0.06069838709677419 0.45754065620542084 0.077252688172043 0.10102425106990014
