2 0.280829 0.198171 0.06408190000000004 0.2524390000000001
2 0.19967318524501884 0.2940167012195122 0.0773213731825525 0.17827740243902437
1 0.564082 0.24329299999999995 0.08454500000000009 0.22317099999999995
2 0.708939 0.21890199999999999 0.07915990000000009 0.17439
2 0.13193300000000002 0.7 0.16478200000000004 0.6
2 0.4752290010770059 0.42550636585365853 0.09746899838449112 0.4680857317073171
2 0.411686 0.230488 0.07377489999999996 0.17073199999999997
2 0.5534920920840064 0.576829 0.1344471890145396 0.6195120000000001
2 0.666667 0.5189019999999999 0.11523999999999993 0.4621949999999999
2 0.7626684868066774 0.19691581097560973 0.060761852450188475 0.15895618292682925
2 0.6277871567043619 0.16548031707317074 0.06757162089391491 0.1696320487804878
2 0.5031200861604739 0.10854085365853659 0.05290468497576736 0.1316719512195122
1 0.45309637856758217 0.08185060975609756 0.045047953688745285 0.12099634146341463
1 0.8960910473882605 0.25594325 0.10287014001077006 0.19809886585365855
