2 0.16425066293929713 0.7115760203094778 0.16332560702875398 0.29888186653771764
2 0.4710460000000001 0.493714 0.0738818 0.198259
2 0.67492 0.439555 0.09904150000000009 0.20019299999999998
2 0.853035 0.560445 0.12300300000000004 0.21760200000000002
2 0.896166 0.7108319999999999 0.20606999999999992 0.4023209999999999
2 0.547724 0.5735010000000001 0.1289940000000001 0.3249520000000001
2 0.277556 0.540619 0.12939299999999998 0.22437100000000007
1 0.9580669999999999 0.480658 0.08386580000000014 0.21276599999999996
2 0.459265 0.819149 0.25878600000000007 0.36170199999999997
2 0.371805 0.5725340000000001 0.16054300000000002 0.294004
1 0.05459205271565495 0.6567795647969051 0.1091841054313099 0.26271166344294006
