0 0.72602 0.14590200000000003 0.0826530999999999 0.183607
0 0.434694 0.14262300000000003 0.051020399999999966 0.13114800000000001
0 0.41479600000000005 0.20082 0.0846939 0.15245899999999998
0 0.5739800000000002 0.19344299999999998 0.08877549999999991 0.20983599999999997
0 0.503571 0.513934 0.13163299999999994 0.552459
0 0.882143 0.227049 0.1030610000000001 0.244262
0 0.8413269999999999 0.345902 0.12142899999999997 0.1836069999999999
0 0.3545920000000001 0.16557400000000003 0.08061220000000005 0.17704900000000004
0 0.2082392857142857 0.36588895081967215 0.12975204081632652 0.20408111475409837
0 0.2463484693877551 0.2470844262295082 0.07712551020408163 0.12390655737704918
0 0.3721450306122449 0.3631205655737705 0.13685048979591838 0.22695034426229507
0 0.5937544387755103 0.397872131147541 0.11212928571428572 0.4326229508196721
