1 0.38357099999999994 0.292021 0.11142899999999997 0.137234
2 0.5964290000000001 0.262234 0.09571430000000004 0.11382999999999997
2 0.877143 0.49148899999999995 0.24142900000000006 0.26595699999999994
2 0.59 0.717021 0.4057139999999999 0.56383
2 0.24714300000000006 0.569681 0.31000000000000005 0.2946809999999999
2 0.495 0.330319 0.15142900000000006 0.230851
2 0.268571 0.351596 0.16714300000000004 0.232979
2 0.14 0.318085 0.178571 0.17234000000000002
1 0.8282264285714286 0.293557579787234 0.12091571428571429 0.1654470744680851
1 0.9098203571428571 0.24670585106382978 0.07372928571428572 0.11859468085106382
1 0.7092764285714286 0.3140554946808511 0.1464757142857143 0.2503663085106383
2 0.11904749999999999 0.24893617021276596 0.08952357142857142 0.11205744680851064
