1 0.05330759999999999 0.286651 0.105331 0.191895
1 0.937701 0.339094 0.1245989999999999 0.218117
1 0.5558770000000001 0.321216 0.13166299999999997 0.22050099999999997
1 0.75851 0.337902 0.14515100000000006 0.258641
1 0.150931 0.483909 0.163134 0.33134699999999995
1 0.379255 0.5244340000000001 0.17276800000000006 0.33134700000000006
1 0.11014799999999998 0.61323 0.220295 0.4588799999999999
1 0.705523 0.536949 0.19203600000000012 0.3444579999999999
1 0.47591500000000003 0.46841499999999997 0.16313400000000008 0.2979739999999999
1 0.157033 0.343862 0.171484 0.25625699999999996
1 0.7164420000000001 0.786651 0.37957600000000014 0.42193100000000006
1 0.8821450000000001 0.49463599999999996 0.17533699999999997 0.3504169999999999
1 0.288696 0.735399 0.359024 0.5101310000000001
1 0.2001467565831728 0.28571428486293204 0.09829736673089275 0.18681319427890344
1 0.6617280025690431 0.2670330929678188 0.10244251766217083 0.1868134326579261
