1 0.828683 0.358197 0.10723600000000008 0.17541000000000007
1 0.530078 0.472131 0.12380100000000006 0.262295
1 0.3034 0.258197 0.08544030000000001 0.13606600000000002
1 0.2733220052310375 0.7119171229508197 0.15082800348735834 0.5648182459016393
1 0.45509999999999995 0.21721300000000002 0.06974719999999994 0.11639299999999995
1 0.5836970000000001 0.24180300000000002 0.07933739999999996 0.12623000000000004
1 0.289451 0.362295 0.10462099999999996 0.18688499999999997
1 0.422842 0.40409799999999996 0.10113300000000004 0.15245899999999998
1 0.6229290017436793 0.43217086065573773 0.10723599825632084 0.3725377213114754
1 0.67524 0.255738 0.08456839999999996 0.13114800000000001
1 0.398431 0.21065599999999998 0.06451609999999997 0.09672130000000001
1 0.396251 0.736066 0.18221400000000001 0.518033
1 0.378814 0.277049 0.09851790000000009 0.13770499999999997
1 0.06190060000000001 0.421311 0.12205800000000001 0.16721300000000006
1 0.150828 0.49836100000000005 0.130776 0.232787
1 0.504795 0.311475 0.09764599999999998 0.13442600000000002
1 0.199215 0.322131 0.100262 0.14590199999999998
1 0.46279816913687877 0.16170245901639346 0.061102877070619004 0.07092295081967213
1 0.721165706190061 0.2765959016393443 0.06185690496948562 0.27801475409836063
1 0.8595905013077594 0.28936147540983603 0.11089048823016565 0.13333278688524589
1 0.8214952048823017 0.5163114754098361 0.14634524847428074 0.2524819672131148
1 0.7671816782911944 0.7219852459016394 0.1538890758500436 0.30921967213114754
