1 0.8768290030487805 0.6228224131082424 0.0743902012195122 0.23329914597815293
2 0.3911589999999999 0.565045 0.14817099999999994 0.26415099999999997
2 0.23689 0.6549159999999999 0.181098 0.3306849999999999
2 0.6664629999999999 0.783515 0.2585369999999999 0.42701100000000003
2 0.10396300000000001 0.612215 0.132317 0.20953299999999994
1 0.517073 0.551639 0.10365899999999995 0.14597799999999989
2 0.5875 0.661867 0.14939 0.30089399999999994
1 0.16158500000000003 0.511917 0.0817073 0.1360479999999999
2 0.8207319999999999 0.684211 0.18536599999999992 0.339623
2 0.38292699999999996 0.76713 0.20975600000000003 0.41211500000000006
