1 0.13393706829896906 0.3843315710872162 0.2228333505154639 0.31705114695340497
1 0.131765 0.5633210000000001 0.263531 0.433692
1 0.5476800000000001 0.448029 0.31572200000000006 0.35603300000000004
1 0.473582 0.716249 0.38917499999999994 0.553166
1 0.16386548324742267 0.723291027479092 0.32773096649484534 0.5366919474313023
1 0.7229380000000001 0.4354839999999999 0.1868559999999999 0.385902
1 0.11704041881443299 0.14609931899641576 0.0994465206185567 0.2042553643966547
1 0.22490122422680411 0.20851049581839903 0.13463492268041236 0.2524819952210275
1 0.33314465206185573 0.3588650716845878 0.1629387886597938 0.3404251732377539
1 0.8028362854381443 0.2588655913978495 0.17517794458762886 0.21985782556750297
1 0.4123189143041237 0.20567323775388294 0.14534413015463918 0.2127658303464755
1 0.5258807989690721 0.2357246117084827 0.1247590206185567 0.2752556750298686
