1 0.31294 0.408151 0.14767900000000003 0.19586399999999995
1 0.037271399999999996 0.32238399999999995 0.07454289999999998 0.143552
1 0.22116699999999997 0.19343099999999996 0.061181399999999976 0.11678799999999996
1 0.8291140000000001 0.226886 0.11111099999999996 0.12287099999999998
2 0.0615331 0.46837 0.12306600000000001 0.20194600000000001
1 0.353727 0.282238 0.09704639999999992 0.16544999999999996
2 0.0956399 0.25365 0.07454289999999998 0.08880779999999999
1 0.138186 0.658759 0.20464100000000002 0.541363
2 0.8475908931082982 0.5498342579075426 0.11852978902953587 0.5230265206812652
2 0.165963 0.249392 0.09001409999999999 0.12165499999999999
1 0.22609000000000004 0.37773700000000004 0.08509140000000003 0.17153299999999994
1 0.457454 0.24087600000000003 0.08790440000000002 0.11678800000000004
1 0.437764 0.32238399999999995 0.11884700000000002 0.15328499999999998
2 0.547468 0.268248 0.1090009999999999 0.11800500000000001
1 0.275668 0.199513 0.09001410000000003 0.116788
1 0.37904399999999994 0.164234 0.06891699999999996 0.10462300000000002
2 0.7668780000000001 0.521898 0.15541500000000008 0.22384399999999988
1 0.7088610000000001 0.350365 0.12798899999999994 0.153285
1 0.919831 0.308394 0.09563989999999983 0.15693400000000005
1 0.591069 0.45438 0.1793249999999999 0.249392
1 0.4154272925457102 0.7361516058394161 0.22414535864978902 0.5160349878345499
1 0.614136599859353 0.7141841240875912 0.20662553445850915 0.3248232360097324
1 0.9568722960618847 0.2446809671532847 0.059035731364275666 0.1234044890510949
