1 0.108546 0.543802 0.217091 0.45828400000000014
1 0.43849800000000005 0.31615 0.16832100000000008 0.280691
1 0.159689 0.342074 0.180406 0.3134680000000001
1 0.3623220004315925 0.5054758432657925 0.2731980017263703 0.38282368891537544
1 0.7389922313336211 0.731049600715137 0.3821648683642641 0.5320700476758046
1 0.6117801035822183 0.42346946364719906 0.21641907639188604 0.3688048152562574
1 0.8854205869659041 0.3612988676996424 0.22049762624082864 0.37618414779499404
1 0.7565520069054812 0.2571042908224076 0.13131894691411308 0.26522288438617403
1 0.24891741260250322 0.23545320917759238 0.13327868364264134 0.26251670441001196
1 0.47039512300388425 0.17523674612634088 0.09995899870522226 0.19079825983313467
1 0.3116368148467846 0.20027071513706793 0.10387872248597324 0.21109623361144217
1 0.4448 0.22907804231227655 0.13354285714285713 0.21985821811680573
