0 0.630248 0.345885 0.05057249999999994 0.18400599999999995
0 0.101145 0.607143 0.125 0.31055900000000003
0 0.582538 0.317935 0.05152669999999996 0.125
0 0.630964 0.260481 0.05295800000000004 0.13431700000000002
0 0.7065839999999999 0.279891 0.05629770000000005 0.11102500000000005
0 0.765983 0.551242 0.09208020000000001 0.36024799999999996
0 0.5758590000000001 0.505047 0.0896946999999999 0.23369600000000001
0 0.66126 0.405668 0.06679389999999992 0.12810599999999997
0 0.5238549999999998 0.33423899999999995 0.05916029999999999 0.142081
0 0.439647 0.40644399999999997 0.10162200000000002 0.25698799999999994
0 0.46540999999999993 0.28455 0.052003800000000024 0.17934799999999998
0 0.8580629999999999 0.43012400000000006 0.07681300000000005 0.340062
0 0.770277 0.360248 0.06536260000000005 0.22205
0 0.20228999999999997 0.38159899999999997 0.0782443 0.20108700000000002
0 0.364742 0.37072999999999995 0.06727099999999998 0.29270199999999996
