1 0.4012899999999999 0.358172 0.15655899999999995 0.20288000000000006
1 0.789247 0.41734499999999997 0.17032299999999997 0.19098299999999996
1 0.654839 0.41734499999999997 0.13462400000000002 0.22980600000000007
1 0.17335412688172042 0.3417787664370695 0.10584925161290323 0.10121552911709455
1 0.46365599999999996 0.515028 0.16860200000000003 0.28991900000000015
1 0.13376300000000002 0.601127 0.26752700000000007 0.413275
1 0.7019349999999999 0.700063 0.5961289999999999 0.593613
1 0.47419400000000006 0.657483 0.4107529999999999 0.46712599999999993
1 0.26499763440860213 0.34992705072010016 0.21219913978494623 0.1991214777708203
1 0.8408211720430107 0.5390070538509706 0.30008449462365594 0.3290779398872887
