1 0.76626 0.47466200000000003 0.0894308999999999 0.23310799999999998
2 0.253049 0.361486 0.08739839999999996 0.125
2 0.22357700000000003 0.566723 0.11382100000000003 0.31249999999999994
2 0.43241900000000005 0.380912 0.08841460000000001 0.17398599999999997
2 0.6056909999999999 0.722973 0.13211400000000012 0.530405
2 0.17784600000000003 0.484797 0.08130079999999999 0.23986499999999994
2 0.33638200000000007 0.539696 0.10162599999999998 0.23141900000000004
1 0.365854 0.321791 0.08333330000000001 0.14695899999999995
2 0.285569 0.4543919999999999 0.08536589999999997 0.16216199999999992
1 0.5889303861788617 0.1928484797297297 0.05360264227642276 0.09730304054054054
2 0.6651036585365855 0.24384505912162163 0.053603658536585365 0.09378623310810812
1 0.8061647103658537 0.32825337837837837 0.06488805894308944 0.15005743243243244
1 0.5095833333333334 0.21688161317567567 0.05713008130081301 0.11957798986486487
2 0.7081273069105691 0.6424386739864865 0.11002790650406503 0.4642442736486486
1 0.5099363821138211 0.6002339527027027 0.10297439024390244 0.5181706081081081
1 0.322677337398374 0.2672922297297297 0.05430792682926829 0.13364527027027026
1 0.15375694613821136 0.4132473902027027 0.06206740853658537 0.1699883277027027
1 0.8994524695121952 0.3992909121621621 0.0853375 0.14609966216216216
1 0.7214227642276423 0.27452364864864864 0.0651829268292683 0.14494932432432434
1 0.12023678861788618 0.3155194256756757 0.06430284552845529 0.12152195945945947
