2 0.8235970000000001 0.6817170000000001 0.1328750000000001 0.284281
1 0.871707 0.516165 0.10767499999999999 0.205128
1 0.548396 0.5234110000000001 0.10824700000000002 0.18840600000000005
2 0.7104810000000001 0.414158 0.07846510000000005 0.14381299999999997
1 0.45246299999999995 0.391304 0.09278350000000002 0.16722400000000007
1 0.23081300000000002 0.303233 0.06414660000000004 0.15161599999999992
1 0.027205 0.698997 0.0544101 0.24080299999999993
2 0.281787 0.40022300000000005 0.0973654 0.167224
1 0.7617409999999999 0.513378 0.112257 0.22185100000000005
1 0.190435 0.684504 0.12542999999999999 0.269788
1 0.56386 0.698439 0.14032099999999997 0.317726
2 0.683276 0.309922 0.0824742000000001 0.153846
1 0.773196 0.314939 0.08705610000000008 0.14827199999999996
1 0.133734 0.509476 0.07044670000000001 0.200669
1 0.9487399999999999 0.694537 0.10137499999999995 0.2720180000000001
1 0.538373 0.395206 0.07560140000000005 0.18171700000000002
2 0.184135 0.3862880000000001 0.10137499999999998 0.177258
2 0.82016 0.404125 0.09621989999999994 0.16388
1 0.428694 0.527871 0.130011 0.215162
1 0.226518 0.521739 0.111684 0.21404699999999993
1 0.4129439999999999 0.722408 0.1477660000000001 0.2341139999999999
1 0.31004495990836195 0.29956280379041245 0.07339232531500572 0.13848420289855073
