1 0.193611 0.634265 0.38722300000000004 0.690158
1 0.695567 0.0479951 0.12125199999999996 0.0959903
1 0.951108 0.28068 0.09778359999999998 0.417983
1 0.153846 0.405832 0.243807 0.7290400000000001
1 0.306063 0.11603899999999999 0.140156 0.23207799999999998
1 0.7522819999999999 0.230255 0.2242500000000001 0.346294
1 0.0853977 0.164034 0.170795 0.31591700000000006
1 0.434811 0.221142 0.20339000000000002 0.442284
1 0.827575 0.515188 0.31225600000000003 0.561361
1 0.518579 0.349939 0.34484999999999993 0.520049
1 0.9261385267275097 0.14042527339003646 0.14611277705345502 0.27801458080194413
1 0.5829270632333767 0.08865249088699878 0.1324144524119948 0.17446901579586876
