1 0.0280172 0.4729340000000001 0.0560345 0.15384599999999998
2 0.506465 0.680199 0.21120700000000003 0.19800599999999988
2 0.47036599999999995 0.46082600000000007 0.130388 0.149573
2 0.385776 0.42735 0.09267239999999996 0.131054
1 0.09536639999999999 0.543447 0.13900899999999997 0.17521399999999998
2 0.375 0.594017 0.16810300000000003 0.1538459999999999
2 0.8873919999999998 0.666667 0.22521600000000014 0.330484
2 0.444504 0.819088 0.292026 0.32763499999999984
2 0.585668 0.499288 0.15625000000000006 0.15812000000000004
2 0.25161600000000006 0.545584 0.17133600000000004 0.14529900000000004
2 0.31923706896551723 0.7215740740740741 0.22826293103448275 0.1895042735042735
1 0.3206395474137931 0.3989750712250712 0.1030032327586207 0.12152279202279202
2 0.8157203663793104 0.4326502849002849 0.1030032327586207 0.10688176638176639
1 0.19271605603448277 0.48243091168091173 0.10189547413793103 0.1390925925925926
2 0.6540161637931035 0.37628133903133903 0.08306681034482759 0.08784757834757834
