2 0.704989 0.682528 0.13882900000000006 0.1519889999999999
2 0.43167 0.506392 0.08242950000000006 0.11505700000000002
1 0.9696310000000001 0.46804000000000007 0.06073749999999982 0.10085199999999996
1 0.501085 0.671875 0.160521 0.2215910000000001
2 0.284707 0.470881 0.10086800000000003 0.11789800000000004
1 0.591649 0.4559659999999999 0.09002170000000013 0.10795500000000006
2 0.591649 0.587358 0.12472900000000005 0.171875
2 0.7678959999999999 0.527699 0.12798299999999996 0.13210199999999997
1 0.651302 0.793324 0.244035 0.276989
1 0.0921909 0.881392 0.18438199999999996 0.2315339999999999
2 0.10357900000000002 0.753551 0.20498900000000003 0.17755699999999994
2 0.8866589999999999 0.585938 0.14642099999999994 0.1292610000000001
1 0.38827706616052066 0.5354609375 0.15487753796095444 0.17163210227272727
1 0.47925379609544466 0.5503547443181819 0.08989370932754881 0.12765982954545455
1 0.6660820227765728 0.4815601704545454 0.09530938177874186 0.12056715909090908
1 0.5346968221258135 0.43301759232954545 0.07955863340563991 0.1109607528409091
1 0.8110856832971799 0.41610304687500005 0.07439262472885033 0.09878254261363638
1 0.8575815726681127 0.5081192755681818 0.10125642082429501 0.13937792613636366
1 0.8963278633405639 0.43910668323863633 0.08575767895878525 0.10148893465909091
