1 0.39070999999999995 0.666107 0.23223999999999997 0.2399329999999999
1 0.38832000000000005 0.505453 0.1523220000000001 0.11996599999999998
1 0.222336 0.639681 0.19740399999999997 0.22567099999999998
1 0.705601 0.612836 0.21038300000000001 0.4085570000000001
1 0.45526 0.802433 0.355874 0.36996599999999996
1 0.18306 0.80453 0.31694 0.357383
1 0.784495 0.8259230000000001 0.377732 0.3246640000000001
1 0.516819600409836 0.6609928229865771 0.17670067622950822 0.24964522651006713
1 0.9227687841530056 0.5510637583892617 0.10163183060109289 0.1517734899328859
1 0.15822199453551913 0.5482269295302014 0.15937704918032788 0.16879446308724833
