1 0.24457700000000002 0.43435 0.07030670000000004 0.11538499999999993
1 0.316754 0.518568 0.07404639999999998 0.20954899999999996
1 0.8668660000000001 0.56565 0.05385190000000003 0.16313
1 0.9341809999999999 0.757294 0.12415899999999984 0.1936340000000001
1 0.197831 0.718833 0.12191499999999994 0.42440299999999986
1 0.5096554076290203 0.4746408885941645 0.0813899177262528 0.14291679045092837
1 0.572177 0.4721489999999999 0.06731489999999989 0.12732099999999996
1 0.38145100000000004 0.7698939999999999 0.16454700000000003 0.43368699999999993
1 0.605086 0.602122 0.10620800000000008 0.3103449999999999
1 0.707554 0.809682 0.20493600000000006 0.37002699999999994
1 0.9401650000000001 0.589523 0.08975320000000002 0.181698
1 0.273373 0.5881960000000002 0.10994799999999999 0.179045
0 0.551982 0.386605 0.03141360000000006 0.09151189999999997
1 0.9439147344801794 0.8553189655172415 0.1119895287958115 0.22695092838196287
1 0.8171263612565446 0.7198580901856765 0.12238884816753927 0.21702122015915118
1 0.775930153328347 0.6531909814323608 0.09599160059835452 0.2226949602122016
1 0.7043363051608078 0.49361673076923074 0.07279377711293943 0.16453842175066313
1 0.18958272625280478 0.43758881962864715 0.05759445774121166 0.12056771883289126
1 0.3831652954375468 0.5517732957559681 0.11998952879581151 0.19574518567639257
1 0.402763526551982 0.40283679708222814 0.05359486163051608 0.09077998673740054
1 0.09199188855646971 0.4950351458885942 0.04319647718773373 0.11063793103448277
