2 0.332809 0.759443 0.257862 0.47713699999999987
1 0.731132 0.37326 0.07442349999999995 0.16998000000000002
2 0.310797 0.49552700000000005 0.17086000000000004 0.28528800000000004
2 0.659067 0.413519 0.09591189999999991 0.18489099999999997
2 0.3831240000000001 0.348907 0.09224319999999998 0.18091500000000002
2 0.816038 0.351392 0.07756809999999982 0.13220699999999996
1 0.19208600000000003 0.401093 0.11687600000000002 0.18986099999999992
1 0.286164 0.304175 0.09224319999999994 0.14314099999999996
2 0.567872 0.690358 0.2803979999999999 0.35288300000000006
2 0.752358 0.586978 0.17452800000000004 0.36481100000000005
2 0.6021344339622643 0.4217147614314115 0.09417976939203354 0.19033598409542746
2 0.832180817610063 0.5175695825049701 0.07256498951781971 0.27964811133200795
2 0.19492164570230605 0.5556371769383698 0.12119863731656186 0.29136182902584495
