1 0.48924699999999993 0.390045 0.11612900000000002 0.15203599999999998
1 0.408065 0.353846 0.07096769999999998 0.132127
1 0.731452 0.577376 0.14139799999999986 0.23167399999999996
1 0.185484 0.354751 0.10430100000000002 0.14298599999999995
1 0.31720400000000004 0.51629 0.17204300000000006 0.243439
1 0.46129 0.48733 0.14408599999999994 0.20180999999999988
1 0.585215 0.38778300000000004 0.08225809999999997 0.14027100000000006
1 0.12045225537634409 0.4732276832579186 0.16886251075268818 0.202865628959276
1 0.780914 0.4181 0.1263440000000001 0.16470600000000002
1 0.21872785483870966 0.7565613846153846 0.28154070967741934 0.37466123076923075
1 0.5836020000000001 0.722172 0.19838700000000006 0.5321269999999999
1 0.07426084139784947 0.3358974343891402 0.09520627419354839 0.12820513122171948
1 0.267719623655914 0.34038446606334843 0.0556005376344086 0.10128174660633485
1 0.3244624543010753 0.3878205113122172 0.07007186559139786 0.1320512850678733
1 0.10739238440860215 0.40192307692307694 0.12186361827956989 0.1346153846153846
1 0.2597222231182796 0.4403844660633484 0.12948028494623656 0.19358943891402713
1 0.6618727607526882 0.4435897420814479 0.11577060752688172 0.17435897737556563
