1 0.856651 0.48973200000000006 0.108638 0.14910700000000002
1 0.569422 0.727232 0.167992 0.527679
2 0.07790140000000001 0.7848210000000001 0.15580300000000002 0.36071400000000003
2 0.5699519978802332 0.7199516741071429 0.16799199788023317 0.5475956517857143
1 0.07949129999999999 0.45848200000000006 0.09644939999999999 0.12410700000000001
1 0.7207209989401167 0.7120308214285714 0.11658700052994171 0.45798964285714283
2 0.21595099999999998 0.48258899999999993 0.107578 0.14732099999999995
1 0.377848 0.514732 0.10068899999999999 0.18660699999999997
2 0.131426 0.616518 0.130366 0.19017899999999982
2 0.3052460015898252 0.7276669107142857 0.19607800211976684 0.21430817857142856
1 0.9268273131955485 0.4749998973214285 0.12175077901430842 0.1192305625
1 0.723655747217806 0.43653863392857145 0.07913789613142555 0.11153880357142858
1 0.6361475887652358 0.45897445982142854 0.08218177000529941 0.11282072321428571
1 0.5094507154213036 0.42884614285714284 0.0692458929517753 0.11666664285714286
1 0.3823732485426603 0.41025628571428574 0.07685498675145734 0.09743564285714286
1 0.27279774509803917 0.39487173660714286 0.06620207207207207 0.08205116964285715
1 0.11832644409114997 0.41666663392857145 0.04032962374138845 0.08974351785714285
