1 0.840459 0.541855 0.0861213999999999 0.18551999999999996
2 0.6278810161090458 0.549811685520362 0.12193313506815366 0.15603361990950226
1 0.317224 0.517534 0.07311029999999996 0.11199099999999994
1 0.4718089999999999 0.4773760000000001 0.06381659999999993 0.10859700000000001
2 0.416047 0.6781670000000001 0.2323419999999999 0.308824
1 0.446716 0.535068 0.09045849999999997 0.1402710000000001
2 0.550805 0.6165159999999998 0.13506799999999997 0.2556559999999999
2 0.253098 0.525452 0.0923172 0.14140299999999992
2 0.7685869999999999 0.759615 0.1790579999999999 0.3766970000000001
2 0.24287500000000004 0.7856340000000002 0.247831 0.4174210000000001
2 0.822263630731103 0.5628205147058823 0.11515923172242874 0.15128204751131222
2 0.8040066078066914 0.6070510916289592 0.16290788723667907 0.21153808823529413
1 0.06670817843866171 0.6564102545248869 0.13482032218091697 0.3564102601809955
