1 0.7640880038204393 0.6102564142091152 0.20439400191021967 0.5512820509383378
1 0.342884 0.4437 0.18720199999999995 0.281501
1 0.361032 0.5750670000000001 0.217765 0.30026800000000003
1 0.8847023256924545 0.5076923056300269 0.16351234957020058 0.37435898123324396
1 0.48656215377268386 0.36662199731903483 0.12907170009551097 0.25067
1 0.5807069961795607 0.4683986997319035 0.21776499522445084 0.5162845844504022
1 0.14517700000000003 0.709115 0.265521 0.4155499999999999
1 0.34301063037249285 0.33653813672922256 0.14158905444126074 0.19871729222520107
1 0.06805396370582617 0.3416664410187668 0.1087039159503343 0.24999955764075069
1 0.15392065425023876 0.5314103619302949 0.2639944126074499 0.29871815013404823
1 0.4265939207258835 0.7583336058981233 0.3069286819484241 0.4807697855227882
