2 0.5975189999999999 0.201709 0.0675790999999999 0.17435900000000001
1 0.8738237082976903 0.40299140170940173 0.1411464242942686 0.39059818803418805
2 0.5466209965782719 0.21089737606837608 0.08212149700598802 0.16538473504273504
1 0.334046 0.163248 0.07100090000000005 0.128205
2 0.041060697177074425 0.25064102564102564 0.08212149700598802 0.23205128205128206
1 0.48246364414029086 0.375214 0.20915312232677502 0.43931600000000004
1 0.782293 0.24444399999999997 0.08810950000000004 0.19487199999999993
2 0.9503849999999999 0.31880320512820515 0.09923010265183918 0.21709358974358975
1 0.622755 0.40598300000000004 0.17964099999999997 0.32307700000000006
2 0.14157399999999998 0.528205 0.281437 0.406838
2 0.351155 0.45213699999999996 0.21642399999999998 0.449573
1 0.07313943541488452 0.19615384615384615 0.06159110350727117 0.17692307692307693
