1 0.957132 0.28886000000000006 0.08573690000000006 0.25647700000000007
1 0.2559653338601343 0.48128342400690843 0.15104733306993282 0.6524064162348877
1 0.1570530007902015 0.1635540500863558 0.09838009877518768 0.17202789291882556
1 0.0639112682734097 0.3566009542314335 0.13314900039510075 0.4992981606217617
1 0.21668507506914264 0.1915621373056995 0.08105015013828527 0.17991572538860104
1 0.3796854998024496 0.5340909067357513 0.15015099960489925 0.7473262003454231
1 0.620111 0.1019 0.10470200000000014 0.186529
1 0.787238 0.267271 0.11813500000000018 0.256477
1 0.629988 0.16623500000000002 0.10391100000000013 0.201209
1 0.525483998419597 0.15993371329879102 0.1114180007902015 0.18617758203799653
1 0.8733699999999999 0.18465696891191707 0.11655499802449625 0.2489930742659758
1 0.721454 0.105786 0.107467 0.211572
1 0.347046001580403 0.14010066493955095 0.1032219992097985 0.17057566493955095
1 0.8939533326748321 0.6070810017271158 0.21295900039510077 0.7858379965457686
1 0.537337 0.43695999999999996 0.138285 0.6528499999999999
1 0.6631174160410905 0.5794470034542315 0.2154481627815093 0.71848
1 0.4092050513630976 0.20187163212435233 0.14190676807585934 0.24331545768566493
