1 0.4963234691455697 0.4634070915492957 0.12127806170886075 0.24219880281690143
2 0.6681169976265823 0.4402491408450704 0.13053799841772154 0.2579632676056338
1 0.580792559335443 0.37118997183098595 0.08569660601265823 0.14494405633802818
2 0.14870882120253165 0.4585591267605634 0.14474805379746836 0.2213432676056338
2 0.7962819976265822 0.5406733873239437 0.16534799841772152 0.21724421126760565
2 0.046677195411392404 0.43790204929577464 0.09018989715189873 0.152113
2 0.6653480023734177 0.7153482323943662 0.23417700158227847 0.48197852112676054
1 0.2907439992088608 0.4143464225352113 0.12262700158227847 0.21074414084507043
1 0.7352624960443038 0.39316548591549294 0.10370010284810127 0.1376130281690141
1 0.3319841772151899 0.37435868309859155 0.06193196202531645 0.11538404225352113
1 0.49437598496835444 0.3814105633802817 0.09289834651898733 0.16282112676056337
1 0.9437427492088609 0.4173079788732394 0.10874076740506329 0.2012826338028169
