2 0.520753 0.390476 0.08839350000000007 0.154497
2 0.424673 0.457672 0.117602 0.14920600000000003
2 0.23633459262106074 0.6384512962962964 0.193298285933897 0.4282255978835979
1 0.18163553804765564 0.4737179470899471 0.10252491160645656 0.18076922751322752
1 0.8762490000000001 0.480423 0.058416599999999846 0.20105799999999996
1 0.25019200230591854 0.39102564021164027 0.05918520368946964 0.11025640211640211
1 0.709839 0.328571 0.06687160000000002 0.10899499999999998
2 0.7936200038431975 0.3935899153439153 0.10222900076863951 0.1461541798941799
2 0.7367409992313604 0.4468051111111111 0.10530399692544196 0.14228721693121693
2 0.7065498232129132 0.7492572645502645 0.3086533589546503 0.32159146031746033
0 0.4365869946195234 0.3433455820105821 0.05380479631053036 0.08156295238095237
0 0.3462720023059185 0.35192325925925927 0.05764800153727902 0.09615420105820105
2 0.343198 0.426984 0.09915450000000003 0.128042
1 0.18438482321291316 0.37820524867724864 0.06332412759415834 0.09487204232804232
0 0.29566738662567255 0.3423077354497354 0.05680511913912375 0.11025648677248677
1 0.38925678324365875 0.3371794444444445 0.044699346656418136 0.0974358201058201
