0 0.2384635076923077 0.4008829419525066 0.07475344615384616 0.23253511873350924
0 0.4108531769230769 0.24670200527704486 0.06785973846153846 0.17150401055408973
0 0.543846 0.254617 0.06307689999999998 0.19261200000000003
0 0.3429841230769231 0.23012820580474935 0.03710827692307692 0.18333335092348285
0 0.391538 0.443272 0.08769229999999993 0.23218999999999998
0 0.48354949999999997 0.596735857519789 0.08094438461538461 0.565502691292876
0 0.58 0.486807 0.08000000000000008 0.519789
0 0.8715380000000001 0.5099155277044854 0.127692 0.30470794195250656
0 0.46459291538461533 0.1955124802110818 0.05158032307692307 0.15256343007915568
0 0.5927951846153846 0.19102506596306068 0.044852707692307696 0.18205013192612138
0 0.6753971230769231 0.20512792875989444 0.04260883076923077 0.1846148548812665
