1 0.31294 0.408151 0.14767900000000003 0.19586399999999995
1 0.2211670007032349 0.19578429440389294 0.0611813994374121 0.11208141119221411
1 0.8303013185654008 0.22877613138686131 0.10873636427566807 0.1190907299270073
2 0.06153309774964839 0.4705689294403893 0.12306599859353025 0.19754812652068127
1 0.35372699718706047 0.28248150243309 0.0970463994374121 0.16496300486618007
1 0.0956399 0.25365 0.07454289999999998 0.08880779999999999
2 0.13892710267229255 0.6679487226277372 0.20464099859353024 0.5538461557177616
1 0.165963 0.249392 0.09001409999999999 0.12165499999999999
1 0.22609000000000004 0.37773700000000004 0.08509140000000003 0.17153299999999994
2 0.41666700421940933 0.7384617883211678 0.22151900140646977 0.5230774209245742
1 0.457454 0.24087600000000003 0.08790440000000002 0.11678800000000004
1 0.0376231 0.31934299999999993 0.0752461 0.144769
2 0.8423508192686358 0.5444680352798054 0.12542435302391 0.5171600608272506
1 0.437764 0.32238399999999995 0.11884700000000002 0.15328499999999998
1 0.547468 0.268248 0.1090009999999999 0.11800500000000001
1 0.2789137447257384 0.20074836982968372 0.08352260900140647 0.1143172506082725
1 0.3790439978902954 0.16596505474452553 0.06891699718706049 0.10116088807785889
1 0.769236336146273 0.519871794403893 0.1601316736990155 0.21410256690997567
1 0.7141053234880451 0.35196529197080295 0.1384776511954993 0.15008442822384427
1 0.9198309985935303 0.30594357664233574 0.09563990154711674 0.14778459854014597
1 0.5910689978902954 0.45556363746958634 0.17932499999999998 0.2470247201946472
1 0.9449040084388185 0.2467947323600973 0.0815210970464135 0.11923048661800487
1 0.6147436181434599 0.716666806569343 0.20676733473980308 0.320513102189781
