1 0.7294390007686395 0.22457643415178571 0.07532670253651037 0.131204140625
2 0.729439 0.220424 0.07532669999999991 0.13727699999999995
2 0.84166 0.180804 0.07378940000000014 0.13169599999999998
1 0.857171245196003 0.26100074218749997 0.14269149884704074 0.14764251116071428
2 0.2451291506533436 0.3231030022321429 0.11235570330514988 0.17299100446428572
2 0.1619108032282859 0.26602564174107146 0.10661590315142198 0.10641025669642858
2 0.791699 0.251674 0.09684859999999997 0.12388399999999998
2 0.20991939661798617 0.2821456473214286 0.11699479631053036 0.17454770089285715
2 0.4903920023059185 0.2593494252232143 0.10761 0.12639114955357142
2 0.505765 0.55692 0.182936 0.27678600000000003
2 0.32551899692544195 0.4142285546875 0.22521099923136048 0.32332889508928575
2 0.433513001537279 0.24810564732142856 0.10761 0.10646770089285715
2 0.5407379976940815 0.2966633370535714 0.14527299769408147 0.13435232142857143
2 0.6518060000000001 0.672433 0.37355900000000003 0.42075900000000005
1 0.9151776748654881 0.2032050279017857 0.02913734819369716 0.11923056919642858
2 0.8017187086856264 0.8025641573660715 0.25782161414296695 0.3230770424107143
