2 0.8892070032706461 0.4704885934819897 0.15944399836467701 0.5307207890222985
2 0.5588962591986918 0.21046770154373928 0.06661529844644318 0.17393639794168098
1 0.365495 0.16469712692967411 0.07195420278004906 0.11657373927958833
1 0.0674571 0.246141 0.10711400000000001 0.24185200000000007
1 0.8007016680294359 0.2456690051457976 0.060084170073589536 0.1913380102915952
1 0.707686 0.248714 0.0744072 0.21612399999999998
2 0.5298449999999999 0.39708400000000005 0.24202799999999997 0.409949
1 0.19133299999999998 0.48284699999999997 0.24529799999999996 0.5025729999999999
1 0.7523252085036795 0.1826919811320755 0.09289496320523304 0.319230102915952
1 0.946670723630417 0.3108970840480274 0.10267327064595258 0.2217941680960549
