1 0.37534 0.21632917589175896 0.06260210125204138 0.10116664206642066
2 0.8172863200870986 0.29154458794587945 0.06846377789874795 0.10751854858548586
1 0.1317370032661949 0.3266574538745387 0.052259101796407186 0.14502762607626077
2 0.45073500000000005 0.3394829999999999 0.05770279999999995 0.140221
1 0.42736796407185634 0.1875769987699877 0.05762197060424606 0.09225089790897908
1 0.3249859961894393 0.2443720787207872 0.054436597713663576 0.12134083640836407
2 0.36717500000000003 0.32294600861008615 0.054980898203592816 0.1265549938499385
1 0.6227549999999998 0.259533 0.048992900000000006 0.10086099999999999
1 0.04191619760479042 0.497729483394834 0.08274359825802939 0.4271929643296433
2 0.26211200000000007 0.301353 0.06913450000000002 0.12054100000000002
2 0.63092 0.370234 0.07838870000000014 0.14022100000000004
2 0.4746869978225367 0.4299512607626076 0.09798579749591725 0.16100749077490775
2 0.4812189983669026 0.23913950799507996 0.0489929014697877 0.09982597785977859
2 0.5059879999999999 0.297048 0.07348939999999994 0.10701099999999993
1 0.0966249 0.516605 0.10506299999999999 0.4452639999999999
1 0.3995649972781709 0.6768101045510455 0.10887299945563418 0.5110787822878229
2 0.193522 0.337638 0.07784430000000005 0.156212
1 0.87534 0.5058263591635916 0.12955899836690254 0.19000472324723247
1 0.7229179967338051 0.7624309348093481 0.15024499727817095 0.4696132595325953
2 0.855471 0.7134069999999999 0.15296700000000005 0.268143
2 0.21175799945563417 0.5997942066420664 0.09798579749591725 0.446820418204182
1 0.7563959989112684 0.5007772816728168 0.11377199782253673 0.18663744157441575
1 0.5057159989112684 0.6579011439114392 0.11976 0.5212142927429274
2 0.3160574169842134 0.37945900369003693 0.0831820631464344 0.1316109963099631
2 0.5824710016330974 0.568015184501845 0.11213899836690255 0.4260856211562115
2 0.29341300217746324 0.6202293542435424 0.10343000000000001 0.39791728167281676
2 0.539467 0.36285400000000007 0.07621119999999997 0.13530099999999998
1 0.9019491453456723 0.261740430504305 0.08741363091997824 0.09806649446494464
1 0.9004209934676102 0.32044223247232473 0.09413787152966795 0.10497285362853628
1 0.7799978225367447 0.39364618696186965 0.10147305389221557 0.19889458794587947
1 0.5843871393576483 0.2154698339483395 0.05134765922700054 0.08287337023370235
1 0.721926058791508 0.22030408979089788 0.05379295590636908 0.1118789052890529
1 0.6727177109417528 0.30455803198031983 0.06662990201415352 0.16160226322263224
1 0.5865267909635274 0.30870163591635913 0.05684952095808383 0.11187840098400983
1 0.3893877054980947 0.3770719065190652 0.10514075666848123 0.21270735547355474
