1 0.39816200000000007 0.253638 0.17151600000000003 0.20789999999999997
1 0.287902 0.25052 0.11638599999999999 0.18087299999999998
1 0.05283310872894334 0.27515597713097717 0.10566600306278713 0.2272350311850312
1 0.8644719999999999 0.24844099999999997 0.09341500000000003 0.22661099999999995
1 0.594181 0.217256 0.15313899999999986 0.197505
1 0.9042880000000001 0.32120600000000005 0.19142399999999998 0.2598750000000001
1 0.830015 0.675676 0.33996899999999997 0.5904369999999999
1 0.6915772511485452 0.4636693035343035 0.2952525114854518 0.4034306237006237
1 0.163093 0.461538 0.326187 0.370062
1 0.39134783307810106 0.6314102598752599 0.40872935681470135 0.6884615592515593
1 0.16242955589586522 0.3307688877338877 0.3078606431852986 0.31281981288981286
