0 0.846193 0.136161 0.041624399999999916 0.12053600000000002
0 0.31066000000000005 0.11284323660714286 0.03654820304568528 0.09127785714285715
1 0.8695430050761421 0.21007327008928572 0.04365480203045685 0.13788845982142858
2 0.620812 0.38839300000000004 0.07411169999999999 0.352679
0 0.9572731472081218 0.29817122767857146 0.0793626192893401 0.14472955357142858
1 0.9512689999999999 0.398509296875 0.09543150253807106 0.21637341517857142
0 0.07429728426395939 0.24397579241071427 0.0544512385786802 0.23526341517857144
0 0.943655 0.751116 0.10862900000000007 0.493304
0 0.48426400000000003 0.03125 0.032487300000000024 0.0625
0 0.43862777664974617 0.046442979910714284 0.02629764467005076 0.07675694196428572
2 0.5659900050761422 0.092741953125 0.051776700507614216 0.06451618303571428
0 0.9289339949238579 0.16694237723214284 0.04670049746192893 0.10807828124999999
0 0.8 0.34151800000000004 0.06700510000000011 0.196429
0 0.5129689746192894 0.05271935267857143 0.03193106598984772 0.05973977678571429
0 0.5177659949238579 0.106783046875 0.04670049746192893 0.11679189732142857
0 0.5551329593908629 0.036830390624999994 0.03248729949238579 0.07366069196428571
1 0.637563 0.145089 0.05685279999999998 0.116071
0 0.3974620050761421 0.25313212053571427 0.051776700507614216 0.24819973214285712
0 0.6720809999999999 0.3024791852678571 0.06091369543147208 0.32807662946428573
0 0.456853 0.08443751116071428 0.04670049746192893 0.09898256696428571
0 0.7527919999999999 0.6205360000000001 0.0984772 0.508929
0 0.3248074670050762 0.062308013392857145 0.04073986802030457 0.08966977678571429
0 0.5255605989847716 0.23667904017857144 0.053446395939086296 0.1427129017857143
0 0.26243700000000003 0.09605405133928571 0.049746203045685285 0.11146292410714286
0 0.221827 0.2879459999999999 0.07005079999999995 0.254464
2 0.179695 0.16004220982142855 0.06091369543147208 0.07277258928571428
0 0.837563 0.26395686383928574 0.05685280203045685 0.14619328125
2 0.433503 0.4516129129464286 0.08121830456852791 0.37634408482142856
0 0.12502570050761422 0.25831627232142856 0.07888169543147208 0.20211642857142856
0 0.3708748883248731 0.10147849330357142 0.04606721827411168 0.15188171874999998
0 0.4012226395939087 0.12848011160714284 0.05076140101522843 0.10911075892857143
0 0.45329899999999995 0.14397299999999996 0.059898499999999945 0.12276799999999999
0 0.33400999492385786 0.17183909598214284 0.04467 0.13400078125
0 0.2969539949238579 0.354550546875 0.08020299492385786 0.3623268973214286
0 0.5898479999999999 0.18279595982142857 0.05076140101522843 0.13440910714285714
0 0.2442223350253807 0.15591449776785712 0.033622335025380715 0.12634511160714285
0 0.9579390152284264 0.2204302566964286 0.07335851776649746 0.16397877232142857
