1 0.07341770253164556 0.3345778167420815 0.139241 0.3127453619909502
1 0.340506 0.270362 0.14936700000000006 0.24660600000000002
1 0.9070672658227847 0.6994722171945701 0.18586448101265823 0.501508552036199
1 0.940506 0.316742 0.118987 0.23076900000000003
1 0.8194935886075948 0.46858973981900454 0.20151882278481012 0.3397435972850679
1 0.37759517088607597 0.7470591515837105 0.3982273544303797 0.504525
1 0.11369198101265823 0.6100300904977376 0.2202109746835443 0.45475099547511316
1 0.2310130063291139 0.1895174886877828 0.150633 0.20467601809954752
1 0.786709 0.34728500000000007 0.125316 0.282805
1 0.3379750000000001 0.45475100000000007 0.227848 0.361991
1 0.632279 0.5282809999999999 0.27215199999999995 0.4954749999999999
1 0.186076 0.261312 0.15949399999999997 0.24208099999999996
1 0.51 0.32051281674208143 0.1535012658227848 0.37435898190045247
1 0.6473628670886076 0.23653808823529412 0.11691983544303797 0.17051205882352943
1 0.33533734177215185 0.22435897058823528 0.10687721518987342 0.19743590497737556
