1 0.465341 0.478848 0.05480920000000001 0.09540950000000005
1 0.21708800107469103 0.5716045454545455 0.08490060182697474 0.16372190819081908
1 0.420473 0.554455 0.08221389999999992 0.13861399999999996
1 0.10944832616872649 0.8111936273627363 0.20511994089199354 0.258284698469847
1 0.36029000268672756 0.5233850630063006 0.06501880171950564 0.10707603060306031
1 0.7391992880171951 0.5744744689468947 0.073777673293928 0.12284593159315932
1 0.670607 0.6039599999999999 0.0752284000000001 0.17641800000000002
1 0.22783400322407307 0.6627282178217823 0.12251500268672756 0.14633843384338432
1 0.37453 0.6454487623762376 0.09564750134336378 0.16038452745274526
1 0.5764427592692101 0.7191145814581458 0.11151051585169264 0.2305368496849685
1 0.821312084900591 0.6926190009000901 0.14987917248790972 0.24032399639963994
1 0.32187000000000004 0.7826959495949595 0.17087600214938206 0.27182700270027005
1 0.4598019639978506 0.7526788928892889 0.1350799301450833 0.21561420342034204
1 0.595379 0.5333029999999999 0.07737780000000016 0.11431100000000007
1 0.18598551853842019 0.5320511566156616 0.04745292853304675 0.13076897389738976
