1 0.30444921107628004 0.3107184363799283 0.07284741901776384 0.17784712365591399
1 0.367555 0.312724 0.11337500000000003 0.18817199999999998
1 0.183386000522466 0.3876415905017921 0.09822359979101358 0.1906678046594982
1 0.3751585606060606 0.42820512992831544 0.10037012016718913 0.21025640681003585
1 0.1307168103448276 0.2885300044802867 0.09697738244514106 0.1469530017921147
1 0.31165100000000007 0.718638 0.191745 0.4820789999999999
1 0.0854232 0.271953 0.0799373 0.16039400000000006
1 0.2191750026123302 0.5826647535842294 0.121735 0.23968848566308243
1 0.5785870114942528 0.40384618727598565 0.10166401253918496 0.24871801971326163
1 0.8944176306165099 0.5692305958781362 0.141282816091954 0.2794868369175627
1 0.8177959561128526 0.46282030465949825 0.0867132079414838 0.13589702508960574
1 0.7665903056426333 0.5038460842293907 0.15772847962382447 0.27948704301075267
1 0.20332774817136887 0.23910259856630825 0.06727762800417973 0.11153853046594983
1 0.4167470480668757 0.4762820519713261 0.12633228840125393 0.226923082437276
1 0.1054015752351097 0.49551295698924724 0.13455526123301986 0.23461566308243725
