1 0.030102800000000002 0.198972 0.0587372 0.16886900000000002
2 0.27180060205580026 0.2500337151248165 0.13334478707782674 0.2282725697503671
1 0.558737 0.05580029999999999 0.06607930000000001 0.10866399999999998
1 0.740822 0.276065 0.10132199999999995 0.25844300000000003
1 0.3021179478707783 0.06099066079295155 0.08294359030837005 0.11904431718061674
2 0.438326 0.15271700000000002 0.0763583 0.14096900000000004
1 0.181718 0.041116 0.06975039999999996 0.0792952
1 0.11165587371512481 0.057268693098384726 0.07331174743024964 0.11160099853157122
1 0.8002940014684288 0.6287360646108664 0.23348 0.3754208516886931
2 0.09875180249632892 0.2803342070484582 0.11086599853157122 0.3145145814977973
1 0.5646109985315713 0.7120862628487519 0.16740099853157123 0.57289046989721
2 0.207783 0.171806 0.10279000000000003 0.135095
1 0.5462559985315713 0.28540332599118945 0.10278999999999999 0.36311434654919234
1 0.671072 0.403818 0.15859000000000004 0.290749
2 0.39574200073421434 0.4530863729809105 0.12775300293685757 0.5446342731277533
1 0.611601 0.194567 0.08957419999999995 0.315712
1 0.871145 0.333333 0.15198199999999995 0.19383300000000003
2 0.278634 0.613803 0.157856 0.622614
2 0.15602099999999997 0.554332 0.14463999999999996 0.562408
1 0.5112176945668135 0.09807709251101321 0.08397430249632894 0.12179588839941262
1 0.851098751835536 0.06428545521292217 0.07582452276064611 0.126374140969163
1 0.13763738619676946 0.1362633994126285 0.08076928046989722 0.1428564610866373
