2 0.5731910005482457 0.587820511235955 0.11019700109649122 0.22179486516853933
2 0.479167 0.414045 0.08881580000000006 0.12247200000000003
1 0.74534 0.26573 0.0400218999999999 0.08876399999999998
1 0.16502199835526318 0.49244428089887643 0.08114040021929825 0.1566834382022472
2 0.8747260005482456 0.34487911797752807 0.08168860197368422 0.1282197640449438
2 0.3871776288377193 0.412921 0.08748784539473685 0.126966
1 0.16639300164473683 0.3696415393258427 0.055372801535087716 0.08543692134831461
2 0.023026302083333335 0.6096370898876404 0.044956101973684215 0.16534119101123596
1 0.060307000000000006 0.779213 0.11842100000000001 0.39438200000000007
1 0.9738632976973683 0.4971910056179775 0.052272812499999995 0.15168500000000001
1 0.11260475603070176 0.40898899438202246 0.07632568530701754 0.137079
2 0.11918003563596492 0.5980769213483146 0.10945257127192982 0.2628205168539326
2 0.0550987 0.509551 0.0827851 0.13146100000000008
2 0.4774516447368421 0.49003897752808984 0.09663180921052632 0.15700103370786517
1 0.9232842214912281 0.41067400000000004 0.08873836622807017 0.111236
1 0.336075 0.628652 0.11622800000000003 0.18089899999999995
1 0.30838800000000005 0.763483 0.126645 0.26404500000000014
2 0.8445091118421053 0.41624907865168537 0.07756972587719298 0.12480584269662921
2 0.5629043996710527 0.41745184831460674 0.08362200109649123 0.12464729213483146
2 0.6949997176535088 0.6311077921348315 0.13136808662280702 0.18272841573033707
2 0.37993400219298246 0.5060643707865169 0.10197400219298246 0.1249492584269663
2 0.4586069983552632 0.6148372584269662 0.12883799890350878 0.20403348314606742
2 0.6768089994517544 0.5022182191011235 0.09594299890350878 0.1326415617977528
2 0.7480813075657895 0.8031402415730337 0.1628286129385965 0.23192151685393256
2 0.6543309978070175 0.4025426404494382 0.09813599780701754 0.1409827191011236
2 0.595121 0.785393 0.1507680000000001 0.26067400000000013
2 0.8908990021929823 0.537179488764045 0.10197400219298246 0.21025641573033707
1 0.9432569983552631 0.7390808539325843 0.11348700109649124 0.4679053033707865
2 0.464089997258772 0.8063961179775281 0.13651299890350876 0.24874623595505618
1 0.2026820942982456 0.3076922808988764 0.05004480263157895 0.08974352808988764
1 0.26085964912280707 0.3128203426966292 0.05379824561403509 0.10512785393258427
1 0.24897368421052632 0.369230595505618 0.05880263157894737 0.09230734831460675
1 0.21425500548245613 0.40641048876404495 0.07444174342105264 0.1461543033707865
1 0.417562774122807 0.3044870786516854 0.049419407894736846 0.08333370786516854
1 0.48137006578947367 0.28717977528089883 0.06193092105263158 0.11282022471910112
1 0.8391917105263158 0.305769202247191 0.05067030701754386 0.09358968539325843
1 0.8116670751096492 0.3679485168539326 0.03815927083333333 0.09999959550561797
2 0.576455704495614 0.5153847865168539 0.1082223629385965 0.13846188764044945
2 0.3973215460526316 0.3445054943820225 0.07506743421052632 0.11098901123595506
