1 0.193611 0.634265 0.38722300000000004 0.690158
1 0.695567 0.0479951 0.12125199999999996 0.0959903
1 0.951107998696219 0.27688702916160385 0.09778359843546285 0.42556893074119073
1 0.15384600391134287 0.24294871810449575 0.24380700130378094 0.39871794653705955
1 0.306063 0.11603899999999999 0.140156 0.23207799999999998
1 0.7602884419817472 0.2337522843256379 0.2402628813559322 0.33929944106925886
1 0.08539770208604955 0.165483432563791 0.170795 0.3130181409477521
1 0.4348109973924381 0.23589743620899148 0.20339000000000002 0.47179487241798296
1 0.8275750000000001 0.5178060388821385 0.3122559973924381 0.5561249088699879
1 0.5199546544980443 0.34993899756986635 0.34485 0.5200490036452005
1 0.9268482268578878 0.1294872417982989 0.1437559582790091 0.2589744835965978
