1 0.18596400079302142 0.4592263534361851 0.08009520222045996 0.10819629733520338
2 0.550357 0.473352 0.08723239999999996 0.13604500000000003
1 0.38600780333068996 0.46004805750350636 0.0717593973037272 0.11496789621318373
2 0.925338560666138 0.4993570757363254 0.13700665344964313 0.16538082748948105
1 0.24663 0.521156809256662 0.10626499603489294 0.21154438990182328
2 0.3053129976209358 0.4755143267882188 0.0919904996034893 0.11769532959326788
2 0.7660590047581285 0.6138559887798036 0.15384600317208563 0.25335301542777
1 0.8956991593973038 0.5923364446002805 0.16728932593180015 0.1898011079943899
2 0.4357649960348929 0.5773123632538569 0.1657409992069786 0.1812727208976157
2 0.332276 0.622721 0.183981 0.21598900000000007
1 0.10404773195876289 0.5610243758765778 0.17320345757335448 0.19077175315568023
2 0.6375890007930214 0.5698717952314166 0.13005600317208565 0.2294871809256662
2 0.630849 0.793829 0.23235500000000006 0.3983170000000001
2 0.0724904520222046 0.45384593969144466 0.07539022997620937 0.0999995652173913
1 0.4530643973037272 0.481410525946704 0.10873559873116574 0.15256464235624123
