2 0.6938642313959805 0.23141025477707006 0.05605253666485605 0.2192307643312102
2 0.7320604915806626 0.7910256369426752 0.1811219826181423 0.22307692144373675
2 0.7452470016295492 0.3057855838641189 0.0836502009777295 0.17823783439490445
2 0.242531 0.3274949999999999 0.08419339999999999 0.308917
2 0.8081895301466594 0.4551201539278132 0.11676764258555133 0.3051442993630573
1 0.27811 0.260616 0.06735469999999999 0.23673
2 0.6015749999999999 0.188429 0.07550240000000004 0.13057299999999997
2 0.8910707767517654 0.40127399681528664 0.08089275393807714 0.1464969957537155
2 0.420695 0.3680709819532908 0.1287339978272678 0.18742402335456473
2 0.549973001086366 0.5431935031847134 0.12547499728408473 0.23925401273885352
2 0.9421425230852797 0.8066308121019108 0.11571445410103204 0.38249238853503187
2 0.10755000271591525 0.3486321656050955 0.09777290059750136 0.15623868365180468
2 0.9572868278109722 0.5327658545647558 0.0843392504073873 0.15527529723991507
2 0.648289 0.39278099999999994 0.1026620000000001 0.14861999999999995
2 0.41243448397609994 0.5159275212314225 0.14525504073872897 0.2292909447983015
2 0.04198387289516567 0.5068755997876858 0.08396774579033134 0.1708641932059448
2 0.8729558365019011 0.6114649999999999 0.10006667571971754 0.35031800424628445
2 0.19853300380228137 0.4590969585987261 0.09071160239000543 0.3279599256900212
2 0.05871186854970125 0.8102564118895967 0.11742354155350353 0.3794871762208068
2 0.13498099945681696 0.583259787685775 0.11678399782726778 0.38732658174097667
2 0.1673 0.240977 0.0738729 0.16348200000000004
2 0.5350349999999999 0.3690428343949045 0.09994569799022271 0.17911131634819533
2 0.6872662954915807 0.5199333492569003 0.12682441064638783 0.25525130573248406
2 0.556219 0.7929940000000001 0.178164 0.23991499999999982
2 0.371265999456817 0.8193616719745224 0.1993480010863661 0.3464156581740977
2 0.620587 0.28503199999999995 0.09505700000000003 0.11146499999999998
1 0.4467345111352526 0.18333329617834393 0.08396749049429657 0.10512812101910829
1 0.5228303394894079 0.18910260615711252 0.07478364475828354 0.11410264331210192
1 0.573670328625747 0.14743610403397028 0.047888022813688216 0.10000040339702759
2 0.720941670287887 0.20769243099787688 0.06559954915806628 0.09487203821656051
2 0.782933628462792 0.21538481953290872 0.050511884845192825 0.10256369426751592
1 0.8252453720803912 0.28910268577494697 0.07478356328082564 0.13205152866242037
2 0.5323424769147203 0.2512819267515924 0.08331178707224335 0.15384591295116773
1 0.4378787859858772 0.25833316878980894 0.10692792504073872 0.14743557324840764
1 0.7651184139054861 0.17116037154989383 0.056986420423682786 0.08440749469214437
