1 0.433009 0.14483500000000002 0.05456510000000004 0.11288599999999997
1 0.186656 0.24866900000000003 0.08049700000000001 0.13738000000000003
1 0.6745 0.2044871778487753 0.06537010264721772 0.15512820021299253
1 0.50054 0.222045 0.06428959999999995 0.12247099999999997
1 0.145057 0.23695399999999997 0.06320910000000003 0.12247099999999997
1 0.789033 0.6879660000000001 0.15181000000000006 0.3429180000000001
1 0.7154447757968666 0.5108974334398296 0.11700555375472718 0.20384615548455803
1 0.295246 0.5740150000000002 0.17233900000000002 0.528221
1 0.8410421447866018 0.5606046858359957 0.14719670448406266 0.22238036208732692
1 0.416261 0.266773 0.07293349999999997 0.14377000000000004
1 0.082658 0.39829600000000004 0.10480799999999998 0.39403600000000005
1 0.0397082982171799 0.2762820500532482 0.07941649918962723 0.13974358892438765
1 0.286602 0.21618700000000002 0.07833599999999999 0.19808300000000004
1 0.9086979983792544 0.4506858359957402 0.13290099945975148 0.2423973162939297
1 0.36898999999999993 0.20979799999999998 0.0691518 0.168264
1 0.215019 0.365282 0.140465 0.244941
1 0.7774179983792545 0.3888669488817892 0.11669399783900594 0.18286209797657083
1 0.43895200000000006 0.485623 0.1302000000000001 0.489883
1 0.637493 0.616613 0.15451100000000012 0.323749
1 0.9628817260940031 0.31025632587859425 0.06698857374392221 0.17692291799787008
1 0.8207745921123717 0.3083332108626198 0.08194730415991357 0.1961535995740149
1 0.5268047001620746 0.2833331309904153 0.08064667747163695 0.2102559957401491
