1 0.864627375366569 0.6588074110953058 0.23365475073313782 0.6490518349928877
1 0.181818 0.23613099999999998 0.115347 0.12517799999999998
2 0.09911459921798632 0.4797672972972973 0.19294307917888565 0.4544064011379801
2 0.676442 0.248222 0.0957966999999999 0.09530580000000001
2 0.5566959970674487 0.2280838477951636 0.08504399804496579 0.08437281650071124
2 0.6416978641251222 0.29425648648648645 0.11037572825024439 0.1397950213371266
2 0.560117 0.38833599999999996 0.16813299999999998 0.22475099999999998
2 0.80303 0.354196 0.14369499999999993 0.267425
2 0.2790809970674487 0.5506410312944523 0.22776099706744868 0.5269230867709815
2 0.4877925268817204 0.2597476031294452 0.11923494623655914 0.10923879089615932
2 0.5607683528836754 0.70128 0.2757588367546432 0.59744
2 0.3900289980449658 0.29061174964438125 0.1407620039100684 0.18122349928876244
2 0.28324769794721405 0.2621796301564722 0.12422405669599218 0.11923106685633002
