1 0.787037 0.412127 0.12037000000000014 0.16032899999999994
1 0.6753714612268518 0.4701243833504625 0.13073906828703705 0.1982127749229188
1 0.9019100000000001 0.3724358992805755 0.11400500000000001 0.16025642343268243
1 0.573785 0.457862 0.12326399999999998 0.17985600000000004
1 0.192998 0.393114 0.07928239999999998 0.1490239999999999
2 0.787326 0.412641 0.12094900000000006 0.161357
1 0.2851323148148148 0.40421963514902365 0.1010323726851852 0.1699777286742035
1 0.1472117042824074 0.5092500051387461 0.1615945891203704 0.22713300102774922
1 0.31539399999999995 0.521069 0.15740699999999994 0.238438
1 0.44749628761574073 0.6413160020554984 0.2051765798611111 0.5282630010277493
1 0.8790510011574073 0.7194693782117164 0.24189799768518516 0.5261182425488181
1 0.06027842303240741 0.4602561870503597 0.10323134837962963 0.18205083247687565
1 0.2927285966435185 0.3596153597122302 0.045479149305555557 0.09871789311408016
1 0.4093147858796296 0.3397437101747174 0.05053246527777778 0.08974382322713258
