2 0.6428569927971188 0.7759824415887849 0.19567799519807924 0.43401614485981305
1 0.21770862545018005 0.36830217289719624 0.08761043217286915 0.16993766355140189
1 0.943577 0.462617 0.10324099999999979 0.18691599999999997
1 0.03961579231692677 0.39593829439252337 0.0768306962785114 0.13803042056074766
1 0.7058820048019206 0.4939793224299065 0.09843939975990397 0.1802663551401869
2 0.76348093637455 0.6871794859813084 0.1489091236494598 0.4051282242990654
1 0.4393760024009604 0.32066251168224297 0.05282110444177671 0.1156839953271028
0 0.8541419987995198 0.5532051285046728 0.11644699879951981 0.35769231308411215
2 0.462785 0.46204184579439256 0.12605 0.26053168224299067
2 0.581032 0.384346 0.09603840000000002 0.165888
1 0.6656660084033613 0.33079306074766357 0.0852341056422569 0.17953485981308412
2 0.4735889975990396 0.6787203154205608 0.15486200480192075 0.2266713785046729
2 0.3463967286914766 0.5634615303738318 0.1320530012004802 0.2705128271028037
1 0.17357385954381754 0.3673072429906542 0.07180066026410564 0.15512850467289718
1 0.3356205102040816 0.34358953271028037 0.08629319327731093 0.1384611214953271
1 0.7295377551020409 0.3256409112149533 0.05730864345738296 0.12051257009345795
