1 0.42404570563079114 0.1530370035046729 0.15974958660014255 0.22897199766355142
1 0.6752086386315039 0.17201042640186917 0.1520767213114754 0.2739278621495327
1 0.13684999999999997 0.4026299707943925 0.27084799714896646 0.5078240537383177
1 0.7430509999999999 0.527453 0.2744120000000001 0.921729
1 0.362438 0.6068930000000001 0.45687799999999995 0.7628500000000001
1 0.916607 0.45560699999999993 0.16678499999999993 0.8037379999999998
1 0.5338560000000001 0.29439300000000007 0.18674300000000005 0.36448600000000003
1 0.07509174625801854 0.22243576518691588 0.14861907341411262 0.2858971612149533
1 0.12202409836065575 0.14743573014018693 0.17364959372772631 0.2538458294392523
1 0.3312645616535994 0.10384594626168225 0.09777593727726301 0.11794829439252337
1 0.4161339451176051 0.09166705607476636 0.07196304347826087 0.1730771028037383
1 0.6328052245188881 0.1416667289719626 0.1298464290805417 0.2807693457943925
1 0.8823289379900212 0.13012845794392525 0.11576692801140413 0.23718
1 0.2452217783321454 0.31089743574766354 0.16973883820384889 0.4551282126168224
