1 0.04177009925558312 0.2626643821138211 0.08354009925558312 0.18686723577235773
2 0.375931 0.164228 0.05707199999999999 0.11056900000000001
1 0.9360085318444996 0.313008 0.11640212572373862 0.173984
2 0.5794039991728702 0.19641972357723575 0.08188589743589744 0.16976253658536586
2 0.2737800000000001 0.321138 0.12076100000000003 0.22601599999999997
2 0.5202649958643507 0.2021887154471545 0.0876757981803143 0.15822357723577238
1 0.6592220016542597 0.24637252032520326 0.10256400330851945 0.1901809430894309
2 0.8643510008271299 0.39767034959349595 0.17038899917287015 0.336366325203252
2 0.7137017990074442 0.2630710487804878 0.07256459057071961 0.1463409918699187
2 0.7698115922249793 0.25772400813008134 0.09313211745244003 0.1317070081300813
2 0.423077 0.214634 0.09842850000000003 0.17886199999999994
2 0.32630299999999995 0.165041 0.06865180000000003 0.121951
2 0.5 0.413821 0.20761000000000002 0.330081
2 0.617039 0.407317 0.16542600000000002 0.2747970000000001
2 0.14944828784119105 0.4919170325203252 0.24500492969396195 0.4238582276422765
2 0.332093 0.47235800000000006 0.23738599999999999 0.3723580000000001
1 0.1418447229114971 0.33782069918699187 0.200212952853598 0.2397439674796748
