0 0.5999550000000001 0.48809499999999995 0.07558139999999992 0.15266100000000007
1 0.440295002236136 0.5301550210084033 0.11314800089445438 0.1833869607843137
1 0.654741 0.519608 0.11449 0.15126100000000003
1 0.9666819999999999 0.593838 0.06663689999999982 0.19187700000000002
1 0.49843500223613596 0.6593081582633052 0.22853300089445439 0.30323169467787114
1 0.06861158542039356 0.5074608368347339 0.1355856305903399 0.15594731792717087
1 0.20046769230769232 0.5489440721288515 0.18314262075134166 0.21583685574229694
1 0.28144350178890876 0.7369319012605042 0.21081600178890877 0.5158797969187675
1 0.13543089892665475 0.53026837535014 0.1663612611806798 0.17592135854341737
1 0.859347 0.691527 0.17665499999999995 0.3774509999999999
1 0.4110020013416815 0.47065315826330534 0.07066190071556351 0.12592169467787115
1 0.6422179986583184 0.777036425070028 0.29069800089445436 0.4361241386554622
1 0.9346257558139536 0.47628194327731094 0.04830752236135957 0.12179465686274511
1 0.7135578466010734 0.6121794047619048 0.1973234838998211 0.239743431372549
