1 0.721382 0.406892 0.06047519999999995 0.13180199999999997
1 0.8987580000000001 0.424426 0.06317489999999996 0.246675
1 0.826134 0.29867 0.04967600000000007 0.08222490000000003
1 0.8987580000000001 0.42382100000000006 0.06317489999999996 0.24546599999999996
1 0.760529 0.542322 0.09233259999999993 0.18016899999999997
2 0.0415767 0.487908 0.0831533 0.12938300000000003
1 0.9681582478401728 0.6351566505441354 0.052946495680345575 0.16620370012091898
2 0.4948699999999999 0.308948 0.05021600000000002 0.11245499999999999
1 0.0280778 0.64994 0.0561555 0.17049599999999995
2 0.7602589999999999 0.542926 0.09287259999999994 0.17896000000000004
2 0.7219219999999998 0.405683 0.061555100000000085 0.13422000000000003
1 0.03266740010799136 0.8421460157194679 0.06425489740820733 0.24293802902055622
2 0.63013 0.4407499999999999 0.07127430000000007 0.146312
2 0.4708420005399568 0.37780983675937124 0.07883369870410367 0.13918131801692868
2 0.658477 0.58948 0.08477320000000009 0.17533299999999996
2 0.18331499999999998 0.785973 0.13336899999999996 0.24183799999999991
2 0.421976 0.320435 0.05669549999999997 0.10399
2 0.5550759999999999 0.468561 0.07883369999999985 0.15840400000000002
2 0.9009179967602593 0.7019330894800483 0.09989199784017279 0.18742782345828296
2 0.05966520000000001 0.398428 0.06749460000000002 0.09794440000000003
2 0.446814 0.660218 0.09017280000000004 0.471584
2 0.807234997300216 0.7586803748488513 0.1177109989200864 0.2625662394195889
2 0.524568 0.7684399999999999 0.09989200000000008 0.438936
2 0.8388230021598272 0.5095062454655381 0.0815334989200864 0.15873851269649333
2 0.7113929994600432 0.8495138814993954 0.13336900107991362 0.2743702297460701
2 0.160367 0.597944 0.12203000000000001 0.18500600000000006
2 0.7637130345572354 0.25821946795646916 0.03976075593952484 0.069863361547763
1 0.7927691009719222 0.3582190568319226 0.06484084773218142 0.21232851269649333
1 0.9398839902807775 0.3486298367593712 0.05688860691144708 0.09178022974607013
2 0.6334200863930886 0.3513698548972189 0.06178185745140389 0.11917806529625151
1 0.5517572894168467 0.28561648730350664 0.055053455723542116 0.09726037484885128
2 0.33460241900647947 0.3294522370012092 0.057500345572354214 0.12191777509068923
1 0.38965584503239736 0.3842467593712213 0.06728766198704103 0.14931542926239422
1 0.1559847327213823 0.4595888573155985 0.07829835313174947 0.16301333736396614
1 0.12998002159827216 0.34507023579201934 0.08176133909287257 0.15023437726723096
