1 0.8589513117937854 0.2817813978494624 0.254625625 0.3738192030360531
2 0.673023 0.10499700000000001 0.12146899999999998 0.196078
1 0.606992 0.139785 0.15889799999999996 0.27957
2 0.9219630014124295 0.14967547122074634 0.15607300141242939 0.2980849462365591
2 0.9217869999999999 0.160342 0.15572000000000005 0.320683
2 0.1774359992937853 0.4600703162555344 0.35346 0.5637303731815306
2 0.23728799999999997 0.0860215 0.12358800000000002 0.172043
2 0.421257 0.320367 0.23093199999999994 0.5142319999999999
2 0.8046439036016949 0.5470736116382037 0.3596381956214689 0.6326087666034156
2 0.18626399894067797 0.18762345351043644 0.18961900070621468 0.2547340923466161
1 0.0962644509180791 0.2211538962681847 0.1896660134180791 0.3294872738772929
2 0.8821266843220339 0.22051296647691332 0.2111378742937853 0.30769259962049333
1 0.6999756091101695 0.6410255913978494 0.5969117761299435 0.7128204174573055
2 0.36716507768361584 0.15064092979127133 0.12024117231638419 0.2217946742567995
