2 0.08215690055248619 0.5440180022573363 0.16054839779005525 0.23702
1 0.07342541436464088 0.4230769243792325 0.0903697458563536 0.14615384875846502
1 0.499724 0.5553050000000002 0.13425399999999993 0.27313800000000005
1 0.33876828453038677 0.7292297799097065 0.24953543093922653 0.5302544356659142
1 0.240331 0.625847 0.2033149999999999 0.2923249999999999
1 0.738398 0.530474 0.129834 0.24379199999999998
1 0.701381002762431 0.8226659706546274 0.30552500000000005 0.3478960496613996
2 0.8727398867403315 0.5112869977426636 0.153968226519337 0.16704300225733634
1 0.913536 0.731377 0.17182300000000014 0.383747
1 0.1217480082872928 0.42564112866817155 0.0941349226519337 0.12820532731376977
1 0.7910490220994475 0.35897435665914224 0.09476272928176796 0.08205128668171557
1 0.8503540801104973 0.3955129966139955 0.07028741988950277 0.11666700902934536
1 0.6297640524861879 0.4782048532731377 0.11986526519337017 0.20769187358916477
