1 0.7161213553113553 0.7188430452674897 0.2506462899005756 0.5581989094650206
2 0.6555853035060178 0.5746200925925925 0.0891442857142857 0.19026582304526748
2 0.9283099973835688 0.6493589763374485 0.14233399790685505 0.2551281995884774
1 0.5745918707482993 0.5308640020576132 0.11402925693354264 0.2139919958847737
1 0.51753 0.441358 0.08895870000000002 0.14403299999999997
1 0.542908997906855 0.8667931893004115 0.1700680010465725 0.26435561728395063
1 0.33595 0.4847499691358024 0.0837257980115123 0.1279359465020576
1 0.39534300000000006 0.49177000000000004 0.10936700000000003 0.16049400000000008
1 0.457352 0.633745 0.10989000000000004 0.23868300000000003
1 0.08869699895342753 0.7464073919753086 0.17739399790685506 0.5030712037037037
1 0.5460490005232862 0.6695548919753086 0.13553099947671374 0.24936620370370371
1 0.2751841548927263 0.7399968106995886 0.1995411198325484 0.3492243827160494
1 0.376243 0.819959 0.20826800000000004 0.345679
1 0.24677143118785974 0.57802216563786 0.1425293511250654 0.4879124588477366
