1 0.191521 0.620143 0.06313890000000001 0.156442
1 0.288936 0.4708590000000001 0.05592300000000004 0.08486710000000007
1 0.44016800060132294 0.45961538343558284 0.05291639807576669 0.08846154396728016
2 0.325015 0.5060716768916155 0.06674680096211666 0.09419464212678937
1 0.609741 0.613497 0.0697535 0.1349689999999999
1 0.289537 0.600205 0.0980156 0.13087899999999994
2 0.309873006614552 0.8128205112474437 0.12064900781719783 0.24871795501022495
1 0.681962624774504 0.5194269938650307 0.06710301262778112 0.12269899795501021
1 0.570655 0.505112 0.05892959999999995 0.09202449999999998
1 0.241732 0.551125 0.07817200000000002 0.10633899999999996
1 0.383644 0.533231 0.0553217 0.11145199999999991
1 0.653337 0.714724 0.11846099999999998 0.20654400000000003
2 0.467306443174985 0.7695571114519428 0.14808289236319905 0.2032167791411043
1 0.3598919993986771 0.6731947955010225 0.0920023992784125 0.16690241308793455
1 0.9047597263980758 0.6038460736196319 0.08293634996993385 0.12307676891615542
1 0.2009321196632592 0.5115383844580778 0.06107141912206855 0.1076921472392638
1 0.2374993295249549 0.7128205112474437 0.11007891160553217 0.17435897750511248
1 0.4757528111846061 0.5179487576687116 0.04825384846662658 0.08205135991820041
1 0.5300383704149128 0.5621794478527607 0.08595212266987372 0.09102556237218813
