1 0.48924699999999993 0.390045 0.11612900000000002 0.15203599999999998
1 0.408065 0.353846 0.07096769999999998 0.132127
1 0.7374233521505376 0.5792988054298642 0.15334070430107527 0.22782838009049775
1 0.185484 0.354751 0.10430100000000002 0.14298599999999995
1 0.31720400000000004 0.51629 0.17204300000000006 0.243439
1 0.46129 0.48733 0.14408599999999994 0.20180999999999988
1 0.585215 0.38778300000000004 0.08225809999999997 0.14027100000000006
1 0.11055082258064516 0.4705128235294118 0.14905964516129033 0.2
1 0.780914 0.4181 0.1263440000000001 0.16470600000000002
1 0.21666699999999997 0.7578434343891403 0.27741899999999997 0.37209713122171945
1 0.5836020000000001 0.7075792895927602 0.198387 0.5613124253393665
1 0.0731183682795699 0.3358972850678733 0.09292132795698925 0.13333303167420815
1 0.2696236559139785 0.34166666968325793 0.059408602150537636 0.11153846153846154
1 0.10625 0.40000014932126693 0.12110215053763441 0.1333336380090498
1 0.26048387096774195 0.4378203619909502 0.12338709677419354 0.19102533936651583
1 0.32750887096774195 0.39487164253393664 0.07921129032258065 0.13846123981900454
1 0.6649194435483871 0.4467948733031675 0.11577079032258066 0.16794871493212668
