1 0.540612 0.580316 0.2642729999999999 0.384401
1 0.648023599175986 0.4056800742804086 0.1082902001177163 0.17069114206128133
1 0.6382384461447911 0.5111419962859796 0.233510888758093 0.30919199628597954
1 0.243402001177163 0.496153704735376 0.12271689228958212 0.24871766016713093
1 0.38440478516774573 0.3788461513463324 0.095897904649794 0.17307692664809657
1 0.3531161771630371 0.44487190343546884 0.1552249735138317 0.2461540575673166
1 0.25315470570924076 0.6871793082636953 0.4266652795762213 0.5102560538532962
1 0.37830950264861685 0.6487180547818013 0.31776357268981753 0.5384617548746519
1 0.8098509535020599 0.4910257845868153 0.15847584461447908 0.27692336118848654
1 0.8838060859329017 0.41217959610027854 0.1340947145379635 0.2115386722376973
1 0.9203772807533843 0.38461549210770657 0.08695821071218363 0.1666668802228412
1 0.9358185138316657 0.3679487186629526 0.07070434961742202 0.13076922934076138
