1 0.3064394929116685 0.25613483397190295 0.17126358778625955 0.2744473180076628
1 0.08287900218102508 0.6261430779054917 0.16466700109051255 0.5101658237547892
1 0.579607 0.22286099999999998 0.0741548999999999 0.279693
1 0.4509270000000001 0.39846700000000007 0.1832060000000001 0.3473820000000001
1 0.39145962922573607 0.222245938697318 0.12600106870229008 0.2553801277139208
1 0.22805486641221373 0.18177097701149425 0.11150673391494002 0.2775820561941251
1 0.48918949563794983 0.2913622349936143 0.16120701744820065 0.2704035504469987
1 0.518266 0.688378 0.2993460000000001 0.607918
1 0.09651040000000001 0.227969 0.152672 0.310345
1 0.26851684023991274 0.684158416347382 0.29237141221374047 0.6061391826309068
1 0.702017 0.507663 0.26226799999999995 0.54023
1 0.06697655398037076 0.36031536398467434 0.1315059978189749 0.4111751468710089
1 0.13854007633587787 0.1561606704980843 0.09480643402399128 0.19197750957854406
1 0.7235887431842966 0.2349572222222222 0.11988467284623773 0.25214941251596423
1 0.6165488440567066 0.3560172669220945 0.1064279389312977 0.30229241379310345
