1 0.38580911014650027 0.3905353020961775 0.08035471513836137 0.13384838471023427
1 0.4362432148670646 0.4907898027127004 0.10852217580032555 0.1406426140567201
1 0.5613378106348346 0.351907718865598 0.058107525773195876 0.1149265598027127
1 0.46581700000000004 0.3686809999999999 0.07433530000000008 0.147965
1 0.42023900162778083 0.32097630702836005 0.05914270211611503 0.14473039457459927
1 0.499186 0.305795 0.06402599999999993 0.10850799999999997
1 0.14105496744438417 0.3680640073982737 0.09437163863266414 0.1319360049321825
1 0.14739717580032557 0.4549998581997534 0.08535425393380357 0.1405552774352651
1 0.888768 0.355734 0.060770499999999984 0.11713900000000001
1 0.72599 0.4021075339087546 0.09115570265870862 0.1181039457459926
1 0.520076 0.638101 0.115572 0.19852000000000003
1 0.9631039989148129 0.630648748458693 0.07270749864351601 0.18629749691738592
1 0.04503530385241454 0.4845355856966708 0.08681500271296798 0.1357378298397041
1 0.03996315518176886 0.8501899136868064 0.07775591427021161 0.1837131689272503
1 0.15510657080846446 0.5887789950678175 0.13297343461747152 0.16646099876695436
1 0.7192080032555616 0.28968030209617757 0.05914270211611503 0.14286161528976574
1 0.331525002712968 0.3204375030826141 0.06402600108518719 0.1408750061652281
1 0.6342920000000001 0.352651 0.0803039 0.11837200000000005
1 0.8362365056972328 0.5081443588162762 0.08158890938686923 0.15315572133168925
1 0.6399028214867064 0.4229349938347719 0.09044064026044492 0.14303299630086314
1 0.5390542159522518 0.4568430024660912 0.09167362995116657 0.13933399506781752
1 0.559957 0.281751 0.06294090000000013 0.11220699999999996
1 0.048282539338035814 0.3896917817509248 0.07945228431904504 0.11827244143033291
1 0.7452519967444384 0.5270894451294698 0.1090609983722192 0.1764011097410604
1 0.6424309983722192 0.5889386621454994 0.1063479978296256 0.16121066584463625
1 0.8955360770482909 0.6741306411837237 0.1426741508410201 0.21770572133168925
1 0.1723503336950624 0.7759900308261407 0.15768221920781336 0.24086893958076447
1 0.691264 0.8569669999999999 0.16494800000000015 0.27126999999999996
1 0.8049403418339663 0.7469926140567201 0.16007168746608788 0.24954078914919853
1 0.9317309034183396 0.343055758323058 0.07150726532826913 0.09722263871763255
1 0.7816882799782963 0.30902774352651047 0.04033695062398263 0.12916769420468557
1 0.767020211611503 0.2576386128236745 0.048893922951709176 0.07361056720098644
