2 0.8394663288155569 0.10609985576923077 0.09007213906894519 0.20945270604395605
1 0.160872 0.09340659999999999 0.07071299999999997 0.186813
1 0.37153799941072485 0.600427348901099 0.19622899823217443 0.7706552747252748
1 0.6196340424278138 0.25562179945054947 0.1160659163229228 0.3431524175824176
1 0.5671009840895698 0.12388050824175822 0.09777602828520919 0.21927098901098901
1 0.230407 0.116758 0.09428399999999998 0.233516
1 0.768687637006482 0.1787749313186813 0.14315027695934002 0.25783475274725276
1 0.9227503152622275 0.12037037087912089 0.0696434590453742 0.2293447252747253
1 0.9441498497348262 0.14245014423076924 0.11122014731879788 0.22507122252747255
1 0.9300944490276959 0.37535615384615384 0.1381087566293459 0.522791978021978
1 0.8029855509723042 0.13105385302197803 0.08922041249263406 0.2307686675824176
1 0.6602938302887449 0.6445869230769231 0.22305170300530347 0.7079772527472526
