1 0.37610899778106505 0.34955151915455746 0.09245559911242604 0.19653894319682957
2 0.908654 0.414135 0.14423100000000008 0.2734480000000001
2 0.259246 0.387054 0.08801779999999998 0.190225
2 0.909024 0.414795 0.14349099999999998 0.272127
0 0.318417 0.310436 0.06730770000000001 0.163804
0 0.6057689977810651 0.33822702774108326 0.11242599852071007 0.24824892998678996
0 0.475206723372781 0.26923077278731833 0.06173380177514793 0.14102564068692205
0 0.9604662721893492 0.2718473447820344 0.07034153846153846 0.15907931307793924
2 0.24001499630177514 0.7755241809775429 0.35133099852071004 0.43309964332893
0 0.742604 0.347424 0.10502999999999996 0.21400300000000003
0 0.613166 0.46301200000000003 0.142012 0.24702800000000003
2 0.824704 0.5885070000000001 0.26479300000000006 0.36856000000000005
2 0.5739640014792899 0.64879071334214 0.2751480029585799 0.4514275825627477
2 0.30991100221893486 0.4433587384412153 0.13757400147928994 0.2123585072655218
0 0.18824000000000002 0.508587 0.17381700000000005 0.36723899999999987
2 0.41679 0.516513 0.21671600000000002 0.2826949999999999
1 0.7759794119822485 0.27435909511228534 0.058862181952662726 0.11538484808454424
1 0.10480372781065088 0.4769234015852048 0.12203159763313609 0.24871858652575957
1 0.5307014644970414 0.2924968824306473 0.0689225147928994 0.14654124174372524
