1 0.904726 0.44343200000000005 0.10132300000000016 0.19438100000000003
2 0.761059 0.40129100000000006 0.07032140000000012 0.14047100000000007
2 0.6194235122873346 0.5234508466211086 0.17192802268431 0.3377136902050114
1 0.06830459357277882 0.6173076917236143 0.13660878638941398 0.3525641002277904
1 0.27255079962192813 0.7525641040242976 0.322952404536862 0.4897435914958238
2 0.504159 0.374336 0.06389409999999991 0.10933899999999999
2 0.3398869981096408 0.41937677296886866 0.07258979962192817 0.13618944570994684
2 0.43351080907372397 0.6134615375854213 0.24244762192816635 0.3551282080485953
2 0.8468809999999999 0.574412 0.161815 0.356112
1 0.2218300283553875 0.5288460971905847 0.2061902268431002 0.298717828397874
1 0.42067911909262756 0.45256392558845865 0.1289487561436673 0.19743555049354594
1 0.6674052060491494 0.4487179195140471 0.12448032514177693 0.19743583902809417
1 0.7245383308128545 0.41858983295368263 0.11362806427221171 0.17820529992406986
1 0.8755103969754253 0.48525629460895975 0.14107750472589792 0.20897412300683374
