1 0.21455200000000002 0.17763905585106382 0.103731 0.2245088829787234
1 0.101493 0.780585 0.20298499999999997 0.43616999999999995
1 0.075 0.545260192819149 0.148507 0.4043513962765957
1 0.271269 0.660904 0.260448 0.659574
1 0.437313 0.4428328856382978 0.19253699999999999 0.32715476063829785
1 0.551493 0.4269230784574468 0.156716 0.47435897606382976
1 0.39220046641791045 0.3035564295212766 0.1469420671641791 0.28916413563829785
1 0.32293519402985077 0.19281899601063832 0.10338282089552239 0.25531900265957447
1 0.7455219999999999 0.670878 0.2507459999999999 0.557181
1 0.6180332089552238 0.23205107712765957 0.09209328358208956 0.24358933510638298
1 0.2046089552238806 0.2837044281914894 0.12763432835820895 0.2579129521276596
