1 0.897788 0.7886389999999999 0.20174299999999998 0.414795
1 0.962131002010724 0.2360475297225892 0.07573729892761394 0.24388993394980188
1 0.142426 0.18362000000000003 0.14946400000000004 0.3619550000000001
1 0.7529455227882037 0.1714594848084544 0.08777947721179626 0.36855999999999994
1 0.18867300000000004 0.285337 0.14410200000000004 0.293263
1 0.499665 0.11558799999999998 0.12265400000000001 0.22853399999999996
1 0.597185 0.29489371202113607 0.126005 0.5436335799207398
1 0.36475713471849863 0.195512820343461 0.13107472520107238 0.296153857331572
1 0.665885 0.70265821664465 0.21648800268096513 0.43352155878467635
1 0.45631029490616626 0.4147434015852048 0.15936734584450402 0.6269227080581242
