1 0.0992647 0.269514 0.127941 0.350515
1 0.455515 0.131811 0.06691179999999991 0.17820300000000003
1 0.561029 0.058910199999999996 0.054411799999999996 0.11487499999999999
1 0.102574 0.0581738 0.0830882 0.113402
2 0.2808820000000001 0.245214 0.13088200000000003 0.248895
1 0.6018380036764706 0.18335987481590574 0.08455880147058824 0.3461007511045655
1 0.376838 0.06804403534609721 0.08161760294117647 0.13314268041237112
2 0.4066179999999999 0.44477199999999995 0.12205900000000001 0.597938
1 0.406985 0.4510023269513991 0.121324 0.5943123416789395
1 0.6819849963235294 0.11538461708394697 0.058088198529411765 0.23076923416789394
2 0.22188261397058823 0.1687474447717231 0.09299977205882354 0.14262310751104565
1 0.5808752830882352 0.6935897422680413 0.15938065441176472 0.6128205154639175
1 0.5503680036764707 0.26456122238586155 0.08455880147058824 0.2573275699558174
2 0.671324 0.40132500000000004 0.14411800000000002 0.25773199999999996
1 0.499265 0.33947 0.09852940000000003 0.42562599999999995
2 0.15698499999999999 0.5412595360824742 0.165441 0.5286729160530191
1 0.8810740477941176 0.30705148748159056 0.12353572794117647 0.22948759941089839
1 0.7380154889705882 0.2705128939617084 0.11521461029411764 0.23846169366715758
1 0.839148794117647 0.440384823269514 0.10881417647058823 0.26282092783505157
1 0.7127323713235295 0.5871797275405007 0.31428072794117645 0.40256360824742266
2 0.3046794117647059 0.06217969808541973 0.07168970588235295 0.11666708394698085
1 0.18434411764705882 0.04294885125184095 0.06784852941176471 0.07820539027982328
1 0.12801649632352943 0.14935914580265097 0.11905524264705883 0.15512854197349044
1 0.8855547977941176 0.23910268041237112 0.11841540441176471 0.19102586156111928
