1 0.13007012718600955 0.454225 0.16752275039745626 0.23239400000000002
1 0.9482185373608902 0.40404485915492955 0.10197292527821938 0.17219228169014084
1 0.04960052464228935 0.38650233098591547 0.09761114467408585 0.13967133802816903
1 0.485692 0.37394400000000005 0.09538950000000002 0.164789
1 0.6425339348171701 0.6969933309859155 0.23299090620031795 0.586294352112676
2 0.6656578616852146 0.3988534225352112 0.11860527821939587 0.17975814084507044
1 0.283386 0.42183099999999996 0.100954 0.190141
2 0.3604930007949126 0.5221739577464789 0.16136700317965022 0.22744692957746482
1 0.9159529650238474 0.46478899999999995 0.14742507154213036 0.242254
1 0.7861634260731319 0.5243589788732395 0.20477151033386326 0.2820512816901408
1 0.16750736883942768 0.39423050000000004 0.10057667726550079 0.16538407042253522
1 0.34044158585055645 0.37307679577464786 0.05426786168521462 0.1256407746478873
0 0.7380458306836248 0.3955126056338028 0.10853631955484896 0.13205084507042253
