1 0.059223296116504856 0.5717487517630465 0.118447 0.5821435119887165
1 0.30631099999999994 0.649506 0.367961 0.700987
2 0.581553 0.444184407616361 0.186408 0.3270158110014104
1 0.822816004854369 0.32034815937940764 0.187379 0.22531169252468267
1 0.1354636553398058 0.27009899858956277 0.1632623786407767 0.16219999999999998
2 0.724272 0.27292 0.10097099999999991 0.196051
1 0.724272 0.27292 0.10291300000000003 0.198872
1 0.2106799951456311 0.2207236036671368 0.08932039805825243 0.13119078984485188
1 0.704369 0.6861780000000001 0.338835 0.6276450000000001
2 0.5529129999999999 0.316643 0.14465999999999998 0.252468
2 0.378641 0.24259500000000003 0.13592200000000002 0.14950600000000003
