1 0.5675930046296297 0.17930578330893118 0.09259260185185185 0.1304064421669107
1 0.13148100000000001 0.35008936310395317 0.148148 0.3129992532942899
1 0.312963 0.7645613982430454 0.42407399999999995 0.4650202196193265
1 0.8092590000000001 0.166179 0.0907407 0.139092
1 0.914352 0.315412906295754 0.117593 0.21544118594436312
1 0.793056 0.4630169838945827 0.191667 0.5029570424597365
1 0.508796 0.34787384333821375 0.139815 0.4111323133235724
1 0.650926 0.28190132503660326 0.146296 0.2561103513909224
1 0.669907 0.6459147657393851 0.328704 0.5149064568081991
1 0.319444 0.42775822108345535 0.262963 0.41627843338213766
1 0.1054012824074074 0.14679513177159592 0.0697270648148148 0.10897489019033675
1 0.31579814814814816 0.1365384992679356 0.044592592592592586 0.09871802342606148
1 0.18931690277777774 0.19871821376281112 0.13702175 0.20512872620790631
1 0.3409324074074074 0.2589747144948755 0.11269814814814814 0.16410327964860907
1 0.7280792268518519 0.19679515373352854 0.11513043518518518 0.14487235724743777
