2 0.9512520762711865 0.30578500000000003 0.09749545762711864 0.1950410082644628
2 0.7350202161016949 0.2504129917355372 0.09097697457627119 0.170248
2 0.5288140042372882 0.20368696694214877 0.0898305 0.16122008264462812
2 0.8792369999999999 0.39338800000000007 0.168644 0.3404960000000001
2 0.6728810000000001 0.2338789917355372 0.1 0.1933990082644628
2 0.7834500169491526 0.25530316528925623 0.09581137288135592 0.14393965289256197
2 0.279661 0.32231400000000004 0.13050799999999996 0.22148800000000002
2 0.519068 0.41405 0.20932200000000004 0.32892600000000005
2 0.330085 0.171901 0.07711860000000006 0.105785
2 0.63517 0.4154059008264463 0.16186399999999998 0.2667092231404959
2 0.14165308898305085 0.5057850082644628 0.26227183898305084 0.406612
2 0.356356 0.4694209999999999 0.23135600000000003 0.36363600000000007
1 0.3782893516949153 0.15897425619834712 0.049299262711864404 0.10256388429752065
1 0.07624938135593219 0.21666664462809915 0.07756394915254237 0.13076919008264462
1 0.11075887711864406 0.33910228925619834 0.13343648305084746 0.25512765289256195
