2 0.6428569927971188 0.7753414135514018 0.19567799519807924 0.43529820093457944
1 0.220288 0.365654 0.0852341 0.17523400000000003
1 0.9435769927971188 0.4652169859813084 0.10324099639855944 0.18171602803738318
1 0.03961579231692677 0.3952972663551402 0.0768306962785114 0.13931247663551402
1 0.7085601740696279 0.4968371495327103 0.09440049219687875 0.1822429906542056
1 0.761705 0.6734964953271029 0.15246099639855942 0.3726340186915888
1 0.4393760024009604 0.3200214719626168 0.05282110444177671 0.11696602803738317
0 0.8541419987995198 0.571153843457944 0.11644699879951981 0.3910256308411215
2 0.462785 0.4731310000000001 0.12604999999999997 0.28271
2 0.581032 0.384346 0.09603840000000002 0.165888
1 0.6656660084033613 0.33079306074766357 0.0852341056422569 0.17953485981308412
2 0.473589 0.67757 0.15486199999999992 0.2289719999999999
2 0.3457380012004802 0.5653846144859813 0.1320530012004802 0.27435899532710284
1 0.17159803721488598 0.3570513668224299 0.0691664705882353 0.13205147196261682
1 0.33825515006002405 0.34423106308411217 0.08497522208883554 0.1320518925233645
1 0.7295377551020409 0.32564057242990657 0.05730864345738296 0.11794782710280374
1 0.10803078031212486 0.4403851518691589 0.11461791116446579 0.19615492990654207
