1 0.09787929853181077 0.3361571221864952 0.07286569874932029 0.18513475884244374
1 0.5592710005437738 0.7625813987138264 0.17346400217509514 0.3097781886387996
0 0.14472225666122893 0.5323047106109325 0.15025097335508428 0.4815444265809218
1 0.19800256661228927 0.3871794855305466 0.07599007069059271 0.27179487674169345
2 0.956931818923328 0.5133787245444802 0.08613536160957042 0.2036805359056806
0 0.0880914 0.821007 0.176183 0.3515539999999998
2 0.37928200000000006 0.801715 0.182164 0.37727799999999995
1 0.4227842468733007 0.34679487138263665 0.11447718325176727 0.23974359056806002
1 0.16228408102229472 0.23782039121114684 0.07219855899945622 0.17820487674169347
1 0.6852356226209897 0.1512818863879957 0.04618128330614464 0.09743622722400858
1 0.784752582925503 0.20384602893890674 0.042278412180532896 0.1128202679528403
1 0.7109277623708536 0.22115372454448018 0.06634458401305057 0.17820487674169347
1 0.7405226291462751 0.32051294212218645 0.0839063458401305 0.2717951232583065
1 0.6296230804785209 0.38525624330117897 0.07805237085372485 0.16794839228295821
2 0.66442142468733 0.50064102357985 0.13203890157694398 0.28076922829581996
