2 0.6785111417322834 0.711075 0.3647617060367454 0.3914469956140351
0 0.7928257261592301 0.43804799342105266 0.06964095363079614 0.1151319956140351
2 0.5485560017497813 0.7038461513157894 0.2502190026246719 0.29230769736842105
0 0.559055 0.438048 0.05424319999999997 0.11293899999999998
0 0.7357830008748907 0.4101128728070175 0.07349079615048118 0.10740524122807017
0 0.841207 0.381031 0.04636920000000003 0.09758770000000003
2 0.85257416447944 0.45382934758771937 0.12162318460192476 0.1230433004385965
0 0.667979 0.47039499999999995 0.13210799999999984 0.164474
0 0.5201220000000001 0.423794 0.06211720000000001 0.115132
0 0.9395787401574803 0.3974359813596492 0.031712160979877516 0.1256411951754386
1 0.3902551312335958 0.5448715405701754 0.16674083114610672 0.2820507785087719
