1 0.79399 0.6890440000000001 0.10470899999999991 0.1321159999999999
1 0.343556 0.614393 0.09603470000000003 0.12889400000000006
2 0.291822 0.552095 0.08426270000000005 0.10311500000000001
2 0.5604089993804213 0.48848717508055856 0.05390330235439901 0.08210255639097744
2 0.4420689962825278 0.5517390923737916 0.07744729863692688 0.11886280343716434
2 0.6951285625774474 0.7300271106337273 0.11827796778190831 0.226720880773362
1 0.4978309975216852 0.4565574650912997 0.050185898389095415 0.0772174865735768
2 0.3763939993804213 0.5104547851772288 0.07001239776951673 0.08757622986036519
1 0.18494400247831475 0.5626883941997851 0.07125149938042132 0.1356332008592911
2 0.907683001858736 0.6634615359828142 0.11400200123915738 0.1679487218045113
2 0.507745 0.7943069999999999 0.13692700000000008 0.19656300000000007
2 0.274473 0.713749 0.122677 0.19656300000000007
2 0.41047099752168525 0.6924499838882922 0.10718700123915738 0.16182303974221268
1 0.15192887856257745 0.5230148872180451 0.07904283767038414 0.10756822771213748
2 0.5058859975216853 0.630895440386681 0.09851299876084263 0.19256011815252416
1 0.590149 0.699248 0.09355639999999997 0.28571399999999997
2 0.36369300185873604 0.838324060150376 0.14374200123915737 0.22023787325456498
1 0.24921932156133828 0.5237177121374865 0.06212021685254027 0.09358928034371643
1 0.4089563197026022 0.46666647153598284 0.04141325898389095 0.07692269602577874
1 0.6326616140024783 0.5179489795918367 0.06729635068153655 0.07948764769065521
1 0.7498760439900868 0.5442305209452203 0.06803601610904585 0.09615335123523094
1 0.6966305638166047 0.5583333619763695 0.07543156133828996 0.09615389903329752
1 0.7838942812887236 0.6076920998925887 0.0887430359355638 0.13846112781954886
1 0.9661866109045848 0.6384614715359829 0.05546444857496902 0.14102549946294307
1 0.5827438909541511 0.569871879699248 0.0813475960346964 0.10384631578947369
1 0.684058525402726 0.6256408485499463 0.11684453531598513 0.11538425349087003
1 0.22370568463444856 0.6230769763694951 0.09391948574969021 0.17948729323308268
