0 0.5090947588832487 0.1608974457831325 0.06346804568527918 0.22948718072289156
1 0.7986139213197969 0.21441922891566265 0.1401635532994924 0.2288384578313253
0 0.11107314086294416 0.22849097590361447 0.13572171319796955 0.28518706024096385
2 0.9022840038071067 0.671825686746988 0.19543100253807105 0.5744206265060241
1 0.5882381916243655 0.379518 0.28426399746192893 0.42168698795180726
2 0.768401 0.348193 0.25507600000000014 0.33494000000000007
0 0.281091 0.291566 0.128173 0.27951799999999993
0 0.297759828680203 0.09743618072289156 0.029708769035532993 0.1435902891566265
1 0.3875599682741117 0.12820534939759035 0.07697143401015229 0.18461580722891566
1 0.3237546700507614 0.15320456626506024 0.05874192893401015 0.11666556626506024
1 0.5681739530456853 0.2 0.1316622461928934 0.20512819277108435
1 0.6809312753807106 0.16730719277108433 0.1060054695431472 0.1858964578313253
1 0.8635702855329949 0.2083338313253012 0.12693557106598985 0.16282149397590362
1 0.45069053299492384 0.2564100120481928 0.1303118274111675 0.2974353975903614
