1 0.8277900000000001 0.4583094091316025 0.0654506008583691 0.1755931781557744
2 0.166309 0.386303 0.09871239999999999 0.19427000000000005
2 0.9420600026824034 0.4762820501342883 0.11480700107296136 0.20897435989256938
1 0.2043592489270386 0.6922971530886303 0.14443435622317596 0.5461059982094897
1 0.07966739806866953 0.2829080841539839 0.07564379828326181 0.1324828290062668
1 0.45654500268240344 0.36094592658907787 0.09978540236051502 0.1704158460161146
1 0.0876977816523605 0.5004479946284691 0.140055241416309 0.21665199641897942
1 0.7467810005364807 0.5573952551477172 0.16416299892703862 0.3108505102954342
1 0.313453285944206 0.7309759982094897 0.196676571888412 0.47538
1 0.266094 0.401074 0.0965665 0.20769899999999994
1 0.337715 0.443599 0.146459 0.206804
1 0.5584760032188841 0.49228056401074305 0.11373400214592275 0.4281508683974933
1 0.12641100858369098 0.28910256042972243 0.11441002145922746 0.15000000000000002
1 0.4597639994635193 0.6225800447627574 0.16416299892703862 0.5343270904207699
1 0.19360354077253217 0.24487186213070727 0.06607081545064378 0.10256424350940019
1 0.3741465209227468 0.33717952103849597 0.11216725858369099 0.1717949418084154
1 0.916927760193133 0.6141024037600716 0.165177741416309 0.28974326768128916
