1 0.6477710029069768 0.2500370160213618 0.0843022965116279 0.14879197596795726
1 0.8115309980620155 0.2871009412550067 0.0804263953488372 0.1950288785046729
1 0.5400282412790697 0.16833365821094795 0.07513698643410853 0.10692242990654206
1 0.23783254844961238 0.21217949265687583 0.1425528875968992 0.24230769025367158
1 0.7524220009689923 0.31602300400534045 0.0843022965116279 0.20640499332443257
1 0.358471371124031 0.32395821762349797 0.10282526162790698 0.1504805473965287
1 0.8415700048449611 0.8325761214953271 0.2315890019379845 0.32202724966622165
1 0.925871996124031 0.36740706275033386 0.06492250000000001 0.1784038718291055
1 0.2672028100775194 0.711615994659546 0.23789362403100778 0.5554069959946596
1 0.059124069767441854 0.5006410280373832 0.11437213178294574 0.23461538050734312
1 0.137112 0.548732 0.18313999999999997 0.299065
2 0.44186 0.580107 0.19767399999999996 0.449933
1 0.435562 0.349132 0.15406999999999996 0.19092099999999998
1 0.8682170058139534 0.4582560480640855 0.13178300387596897 0.23702491321762348
1 0.6099274467054263 0.7743589719626168 0.2782081104651163 0.3794871829105474
1 0.08467368701550387 0.2794875033377837 0.10049177325581395 0.14615449933244326
1 0.18237451550387598 0.232051261682243 0.0744389534883721 0.1461538184245661
1 0.4033636191860465 0.17051258344459277 0.07723012596899226 0.10256361815754339
1 0.5652673304263567 0.29102576101468625 0.10886650193798449 0.14615408544726302
