1 0.16020816350028783 0.5621379310344827 0.12863267702936096 0.3936728663793103
2 0.9130689982728843 0.4894536853448276 0.0782959009786989 0.13531762931034483
2 0.29083000000000003 0.4391160021551724 0.06658390328151986 0.11745700431034484
2 0.6557279999999999 0.40463400000000005 0.05066210000000003 0.09806030000000003
1 0.6709840000000001 0.468211 0.10420300000000009 0.167026
1 0.5014389982728843 0.4815540894396552 0.08175009786989061 0.19586617456896552
1 0.398964 0.6998919999999998 0.14622899999999994 0.5441809999999999
2 0.5648157800805987 0.51928875 0.11043843408175014 0.1614225
2 0.7795815572826712 0.45339026939655175 0.09886758203799655 0.12985745689655173
2 0.718503756476684 0.5946976023706896 0.15068715601611973 0.17913880387931036
2 0.834485 0.531789 0.10420300000000009 0.17349100000000003
2 0.7372537363270006 0.7828941217672414 0.1950365342544617 0.4213912392241379
2 0.8844470092112838 0.7692310237068966 0.16202098445595856 0.4615389655172414
2 0.4770618969487622 0.4358972844827586 0.05137073690270581 0.11538431034482759
1 0.5592546977547496 0.7564101185344827 0.17192008059873345 0.4846151077586207
