2 0.614089854848672 0.5493603329571106 0.09785250772081533 0.16538732505643342
2 0.835083 0.52991 0.09512039999999991 0.156885
2 0.4210376837554046 0.6861607674943567 0.24541136504014827 0.30460153498871334
2 0.553119 0.619639 0.13650399999999996 0.252822
2 0.7798314360716491 0.7590290067720091 0.20697686843730698 0.34198600451467265
1 0.47035200000000005 0.473476 0.06609020000000006 0.10948099999999998
2 0.44966 0.532731 0.09512039999999998 0.137698
2 0.7956101852995676 0.6102472516930023 0.16491699814700433 0.20993199774266366
2 0.06948730389129092 0.6678589559819413 0.13897500308832614 0.2895640744920993
2 0.25046299876466954 0.5276089841986457 0.09203210006176651 0.13214103837471783
2 0.3224210006176652 0.5174509819413093 0.0704137986411365 0.11182503386004515
2 0.250772 0.788375 0.258184 0.418736
1 0.7989195429277332 0.5586420711060949 0.14356919085855466 0.18518538374717833
