1 0.585374 0.35298999999999997 0.33809500000000003 0.475083
1 0.22619 0.556478 0.41156499999999996 0.6395349999999999
1 0.6748299999999999 0.611296 0.583673 0.6910300000000001
1 0.7156167551020407 0.13525630398671096 0.25516512925170065 0.2653844019933555
1 0.6746642414965986 0.1839742649501661 0.2992674353741497 0.3243587790697674
1 0.8993773163265305 0.21346174003322257 0.1417582925170068 0.34487220099667776
1 0.34652010204081635 0.07051287375415281 0.14070809523809524 0.14102574750830563
1 0.2189378605442177 0.15384600498338868 0.17326033333333332 0.30256380398671096
1 0.3890474693877551 0.15320505398671097 0.32026832653061227 0.29871779900332224
1 0.29874253401360545 0.3179487167774086 0.36227139455782315 0.4384615365448505
