1 0.875691 0.48241765625 0.102762 0.24945069196428574
2 0.7592267900552486 0.5077039006696429 0.11513758011049724 0.2256642075892857
1 0.248343 0.5011876897321429 0.1 0.22839386160714284
1 0.3049720027624309 0.39156915736607145 0.09392270165745856 0.16775369419642858
1 0.4331789060773481 0.6925765513392858 0.13143218784530386 0.28002488839285716
1 0.5709939999999999 0.7114960000000001 0.15414400000000006 0.30245500000000003
1 0.723204 0.376116 0.09281769999999989 0.19419600000000004
1 0.8230106519337016 0.66474359375 0.120994 0.2987179464285714
1 0.8187850027624309 0.38997818638392856 0.09834250276243094 0.16200764508928572
1 0.25036984806629836 0.29423098214285714 0.05902273480662983 0.142308125
1 0.04537754696132597 0.6519229185267857 0.08948579005524862 0.2935894308035714
