1 0.7568544193420531 0.5448778637200736 0.12841900118906066 0.2829375506445672
1 0.20134800039635353 0.6446991114180479 0.1323820015854142 0.30360277163904237
1 0.35196199960364644 0.48792613720073663 0.11335699960364645 0.2741477255985267
1 0.7468636860879905 0.6473047928176795 0.1400426317875545 0.331541408839779
1 0.3042009988109393 0.2656380709023941 0.06302019817677368 0.13354886740331492
1 0.29310300039635356 0.8198519981583794 0.19778 0.3584539963167588
2 0.24831500198176776 0.369146864640884 0.08125250099088387 0.25249827808471453
2 0.4355929984145858 0.4044084990791897 0.09433210067380103 0.18381699815837937
1 0.059849401506143485 0.6794648434622468 0.11969900118906064 0.339043314917127
1 0.8969480003963535 0.5366937246777164 0.14030900118906064 0.22679654696132598
1 0.11005562029330164 0.37429005524861875 0.0892672770511296 0.1889208103130755
1 0.10485851961950059 0.47443186003683246 0.11188977804201347 0.3295451197053407
1 0.05777923107411811 0.8572441390423573 0.11555846214823622 0.28267010128913445
1 0.4026202338485929 0.27840921731123386 0.06053043995243757 0.1363638858195212
1 0.42799423107411816 0.29119310773480667 0.0770388862465319 0.15909076427255986
1 0.5362156480380499 0.647017044198895 0.107609924692826 0.4588068139963168
1 0.7367614803804994 0.33522711786372006 0.05380482362267142 0.15056786372007366
1 0.8373403190646056 0.33877850368324125 0.07398206500198176 0.1548297329650092
1 0.902150731272295 0.4318180570902394 0.11922687673404678 0.19318156537753223
