1 0.195603 0.204756 0.134951 0.22457099999999997
1 0.5083399962092494 0.6077009511228534 0.32373 0.4993389960369881
1 0.6982559969673995 0.24859702774108322 0.16527699772554966 0.26898892998678997
1 0.0931003980288097 0.3222476618229855 0.18316799848369977 0.3221713342140026
1 0.9169829999999999 0.321664 0.16451900000000005 0.38177
1 0.39463920394238056 0.151915 0.14783899924184987 0.22457100396301188
1 0.26232 0.110304 0.13040200000000002 0.204756
1 0.256255 0.433289 0.298711 0.38573299999999994
1 0.533359 0.39299900000000004 0.24336599999999994 0.33685600000000004
1 0.5375280022744503 0.17934354029062086 0.15011400303260045 0.22791783355350068
1 0.8225930000000001 0.5191549999999999 0.34874900000000003 0.5204759999999999
1 0.06327842683851402 0.1538464068692206 0.12802843821076573 0.21538512549537647
1 0.38592404094010613 0.08846174372523118 0.1272921758908264 0.1615388639365918
1 0.5117448711144806 0.07243593130779392 0.1081615087187263 0.14487186261558785
1 0.5246214783927218 0.12948699471598416 0.13538630780894617 0.19743552179656537
1 0.691646607278241 0.15128204755614266 0.15304496588324487 0.23076882430647294
1 0.7751594541319181 0.09871799867899606 0.09933234268385141 0.18717959048877147
1 0.33772948445792267 0.2897433883751651 0.1721756027293404 0.28205087186261557
