1 0.845221 0.30128204845814976 0.09338239705882354 0.33076923641703376
2 0.279779 0.7555070000000002 0.1625 0.4831130000000002
2 0.676103 0.32397224669603525 0.10367599999999999 0.1479444933920705
2 0.960294 0.591777 0.07941179999999991 0.511013
1 0.10551500000000001 0.3206710352422908 0.10073499999999999 0.31313693098384726
1 0.942647 0.22084063142437593 0.0911765 0.15450176211453745
1 0.367279 0.3174913656387665 0.10220599999999999 0.19908528634361233
2 0.32647099999999996 0.446402 0.15882399999999994 0.18795900000000004
2 0.725368 0.4306449045521292 0.121324 0.24590519823788548
2 0.24779400000000001 0.3211623641703377 0.116176 0.20642728340675476
1 0.12573499999999999 0.7450472026431718 0.152941 0.4952225991189428
2 0.580882 0.42523728340675476 0.145588 0.24791045521292218
1 0.9058820000000001 0.46538461086637295 0.114706 0.4230769162995595
1 0.184926 0.46475799999999995 0.122794 0.19823799999999997
2 0.7763840073529411 0.7277279515418502 0.18953401470588235 0.5093020704845814
2 0.6 0.7503669999999999 0.16176499999999994 0.46989699999999995
1 0.7950776286764707 0.2641024522760646 0.06869033088235295 0.34358951541850224
1 0.8984345036764706 0.1711540161527166 0.06355452205882353 0.15000033773861968
1 0.15728235294117646 0.23012837738619676 0.06676470588235293 0.2653849486049927
0 0.07235919117647059 0.1439566813509545 0.0764860294117647 0.17802202643171808
