1 0.265385 0.298643 0.0494506 0.11764699999999999
1 0.060732700549450555 0.7448717986425339 0.12014632417582419 0.35384615384615387
1 0.6722529972527472 0.2285824830316742 0.0653845989010989 0.10844702488687782
0 0.7738097774725274 0.26282051470588236 0.04688695054945055 0.182051278280543
1 0.038571428571428576 0.5618025169683257 0.07604395604395604 0.22767702488687783
0 0.10126361813186813 0.5153846153846153 0.13000023626373625 0.2897435972850678
1 0.458791 0.32918600000000003 0.057142899999999955 0.14932100000000006
1 0.681868 0.46662899999999996 0.1120879999999999 0.18665199999999998
1 0.321703 0.7659124660633485 0.123626 0.2600300678733032
0 0.26857136813186816 0.8333333314479638 0.20461526373626374 0.3333333371040724
1 0.6063189999999999 0.7717946549773755 0.124725 0.30256367647058824
1 0.461538 0.7791100961538462 0.149451 0.29924582579185516
0 0.789011 0.8329939083710407 0.165934 0.32496218325791854
1 0.9346886456043956 0.6987177601809955 0.1295238076923077 0.42051244343891403
0 0.8814467032967033 0.3166666685520362 0.04296703296703297 0.14358973981900452
1 0.5900181318681318 0.49871776018099545 0.08032967032967032 0.1512816742081448
1 0.4234433159340659 0.3 0.04109908241758242 0.0846153846153846
2 0.32972527472527474 0.3519228902714932 0.08032967032967032 0.2602560294117647
1 0.24472527472527472 0.35924908371040726 0.05497645054945055 0.12106226244343891
1 0.46703287637362634 0.6160256391402715 0.1282782032967033 0.21410256787330317
1 0.7011722527472527 0.5923076923076923 0.10586098901098902 0.24615384615384614
1 0.6024724368131869 0.600641023755656 0.1264100714285714 0.22948718325791856
0 0.19615388461538463 0.690110294117647 0.08059662637362637 0.6175825791855204
