1 0.252625 0.71088 0.206037 0.5757949999999998
1 0.933727 0.6607579999999998 0.13254600000000014 0.6638139999999999
1 0.313648 0.386919 0.11679799999999993 0.191932
1 0.148294 0.41014699999999993 0.11286099999999999 0.21638100000000002
1 0.7194880019685039 0.5766928667481662 0.256562001312336 0.3918472738386308
1 0.09838725393700787 0.6460880012224939 0.19546251312335958 0.7078239975550122
1 0.490813999343832 0.6994480562347188 0.32152200131233594 0.5937678973105134
1 0.809711 0.44009799999999993 0.154856 0.237164
1 0.49752161089238844 0.4903844926650367 0.18442003280839894 0.2628202567237164
1 0.48031833333333335 0.39999998166259165 0.15689482939632546 0.21794869193154034
1 0.7356164796587926 0.3339744376528117 0.06606100393700787 0.14230784841075794
1 0.6623299507874015 0.35128196821515895 0.09702681758530182 0.15640953545232272
1 0.17685075459317587 0.342307597799511 0.046793241469816275 0.1230767359413203
1 0.5295200885826772 0.3269233618581907 0.059867959317585304 0.12307748166259169
