1 0.3001812987012987 0.4037280855263158 0.09420209235209234 0.1741228289473684
1 0.153319 0.513158 0.158009 0.23947400000000002
1 0.7038239971139971 0.32510109868421055 0.09740259740259741 0.26558680263157897
1 0.5663780014430014 0.46987179605263163 0.11399699855699856 0.18076922368421053
1 0.0816221608946609 0.44144700000000003 0.12387628427128428 0.198684
1 0.6667220526695526 0.4645578684210527 0.1355309018759019 0.23937215789473684
1 0.316017 0.520395 0.154401 0.24868399999999993
1 0.864358 0.733553 0.27128400000000014 0.530263
1 0.6196952777777778 0.37179498684210527 0.07100338383838384 0.10512844736842106
1 0.7964997943722943 0.32948732894736843 0.10545010822510822 0.3153849210526316
1 0.4326969877344877 0.6333331644736843 0.2228513347763348 0.4923073552631579
