1 0.6974409999999999 0.570632 0.06293220000000002 0.11276299999999989
1 0.9533573582295989 0.6827853035935564 0.06439011065006915 0.26519861214374224
1 0.25242 0.7843869999999998 0.14937799999999998 0.418835
1 0.752766 0.560719 0.049101000000000075 0.1053280000000001
1 0.873098 0.643742 0.0905946999999999 0.13754599999999992
1 0.699862 0.773234 0.14384500000000006 0.3197030000000001
1 0.130014 0.612144 0.10788399999999997 0.13382899999999992
1 0.07814660000000001 0.5879799999999998 0.0733057 0.14250300000000005
1 0.806708 0.67596 0.0961272 0.19702599999999984
1 0.19190900000000002 0.635068 0.11825700000000006 0.1697649999999999
1 0.5380359999999998 0.614002 0.08160440000000005 0.11276299999999989
1 0.35823 0.614622 0.08990319999999999 0.15613400000000005
1 0.5273169999999999 0.8246590000000001 0.22614099999999995 0.3432470000000001
1 0.4128629999999999 0.737299 0.17565699999999992 0.245353
1 0.6139005048409406 0.6928568339529121 0.0870869571230982 0.19670268897149937
