2 0.11290300841514728 0.5725044003690036 0.22019600280504908 0.3959307933579336
1 0.6697049999999999 0.368081 0.12201999999999996 0.178967
2 0.23912999999999998 0.3856089999999999 0.15007000000000004 0.18081199999999994
2 0.59467 0.836716 0.30575 0.32287799999999994
2 0.544881 0.372694 0.13604500000000003 0.191882
1 0.769986 0.328413 0.09256660000000015 0.12915100000000004
2 0.317672 0.726937 0.368864 0.483395
2 0.630435 0.532288 0.203366 0.3081180000000001
2 0.3772789999999999 0.475092 0.15988800000000006 0.278598
2 0.781206 0.47693700000000006 0.13464199999999996 0.190037
1 0.8576129032258064 0.31006734317343176 0.0806086956521739 0.1342269372693727
