0 0.46079799999999993 0.593108 0.13043499999999994 0.32769000000000004
0 0.6375332537419814 0.7277667110036276 0.14047189593727724 0.3914464328899637
0 0.04134 0.8065299999999999 0.08268 0.3748489999999999
0 0.19422699928724166 0.6292422793228537 0.11760500356379187 0.19923355501813786
0 0.588738 0.6668679999999999 0.10976499999999988 0.281741
0 0.48930899999999994 0.7291410000000002 0.27298599999999995 0.541717
0 0.093015 0.726119 0.18603 0.4437729999999999
0 0.1487473271560941 0.706711608222491 0.1724839629365645 0.2510072551390568
0 0.5534509907341411 0.6020135368802901 0.06725253029223094 0.19731519951632404
0 0.4304180826799715 0.5697988573155985 0.0664616963649323 0.1677848246674728
0 0.6982423770491804 0.8671142684401452 0.07358224518888097 0.2604026602176542
