0 0.476874 0.38740899999999995 0.07903979999999988 0.26392299999999996
2 0.376171 0.677361 0.15280999999999997 0.3474580000000001
0 0.297717 0.696126 0.24999999999999997 0.6004840000000001
0 0.8144030000000001 0.392857 0.06674470000000002 0.272397
2 0.489461 0.560533 0.11709599999999998 0.2808719999999999
0 0.8668029999999999 0.420702 0.10714300000000004 0.3716709999999999
0 0.162763 0.377724 0.0831382 0.21791799999999997
0 0.39607700000000007 0.387409 0.08021080000000005 0.2736080000000001
0 0.709602 0.6246970000000001 0.320843 0.733656
0 0.7380074648711944 0.4942114891041162 0.21485860655737704 0.44428404358353507
