1 0.6609370000000001 0.410185 0.06041670000000003 0.12407400000000003
1 0.627604 0.4226849999999999 0.08541669999999991 0.15092599999999998
1 0.5151040000000001 0.597222 0.22500000000000006 0.348148
1 0.7882809999999999 0.449074 0.11197900000000006 0.19259300000000001
1 0.8283850000000001 0.424537 0.08489579999999997 0.1546299999999999
1 0.586458 0.532407 0.18437499999999993 0.2759259999999999
1 0.386199625 0.6630873333333334 0.24840595833333332 0.49127533333333334
1 0.25142604166666666 0.68255 0.25218124999999997 0.4630870370370371
1 0.26954713541666664 0.5234898101851853 0.1057046875 0.23087223148148148
1 0.38129192708333337 0.4201342592592593 0.07852343749999999 0.1610740740740741
2 0.7289849791666667 0.5194632361111111 0.12458037500000001 0.2523486944444444
