2 0.730052 0.444547 0.09015539999999998 0.190388
1 0.730052 0.444547 0.09015539999999998 0.19408500000000006
2 0.383938 0.502773 0.11917100000000001 0.24029600000000004
2 0.32694300000000004 0.4122 0.0963731 0.13678400000000002
1 0.654922 0.6885399999999999 0.20310899999999998 0.604436
1 0.48860099999999995 0.69963 0.22901599999999997 0.5933459999999999
2 0.858031 0.702403 0.20103599999999996 0.580407
2 0.261658 0.557301 0.19378200000000004 0.30499099999999996
1 0.14297720207253886 0.340268225508318 0.045150259067357514 0.13825548983364142
1 0.08691554404145077 0.46711367837338263 0.1497502590673575 0.222818853974122
