2 0.7809318229166667 0.44931320370370365 0.11521935416666666 0.1671454074074074
1 0.23645799999999997 0.7023149999999999 0.22083299999999995 0.421296
2 0.604167 0.54537 0.19687499999999994 0.27963000000000005
1 0.508333 0.593056 0.21354200000000004 0.33240699999999995
1 0.388281 0.66713 0.24531199999999995 0.4509259999999999
1 0.809375 0.43130442129629626 0.07604169791666666 0.19779384259259258
1 0.266406 0.521296 0.09322920000000004 0.23333300000000004
2 0.71875 0.506944 0.12916700000000012 0.24722199999999997
1 0.8192111979166666 0.4248320231481481 0.0649328125 0.1409399722222222
1 0.41526848958333334 0.4288587962962963 0.06795260416666667 0.15436203703703705
