1 0.7956609594594594 0.1880855684754522 0.114189 0.27260999999999996
2 0.201689 0.4657620000000001 0.292568 0.4405680000000001
2 0.666892 0.26550399999999996 0.14594599999999985 0.24935399999999994
1 0.309459 0.18863 0.0986486 0.24030999999999997
2 0.666892 0.418605 0.263514 0.33333299999999993
1 0.952365 0.21899199999999996 0.09527029999999992 0.270026
1 0.398649 0.633075 0.333784 0.718346
1 0.403378 0.18604700000000002 0.139189 0.271318
2 0.827703 0.696382 0.33918899999999996 0.5994829999999999
2 0.0760135 0.223514 0.146622 0.284238
1 0.8564190000000002 0.27454799999999996 0.16689200000000004 0.36304899999999996
1 0.20143063513513515 0.28461565891472873 0.2591873783783784 0.345055503875969
