1 0.33776199999999995 0.6780440000000001 0.3762239999999999 0.5811810000000001
1 0.667832 0.32688876383763843 0.116084 0.17038354243542436
1 0.78042 0.325646 0.10629399999999989 0.13468599999999997
0 0.46153800000000006 0.308118 0.09790209999999999 0.16605199999999998
1 0.546853 0.340406 0.14545500000000006 0.260148
1 0.257343 0.377306 0.111888 0.178967
2 0.7937060000000001 0.473247 0.16643400000000003 0.19741699999999993
2 0.6167829999999999 0.556273 0.1958040000000001 0.26752800000000004
2 0.12260957342657343 0.5248330258302584 0.20248348251748252 0.4805369003690037
2 0.06512097902097902 0.42751660516605167 0.11599580419580419 0.2429520295202952
2 0.5815043426573426 0.8550332103321033 0.318480013986014 0.2845645756457565
1 0.3734244545454545 0.3906042435424354 0.14448535664335663 0.2791937269372694
