2 0.0695021 0.436697 0.105809 0.12477099999999994
2 0.925311 0.445872 0.10373400000000005 0.16146800000000003
2 0.15216264522821576 0.43299042201834864 0.10853871369294606 0.19442183486238532
2 0.03786309999999999 0.41376100000000005 0.06950209999999998 0.11926599999999998
2 0.328838 0.6963300000000001 0.155602 0.49357800000000007
2 0.322614 0.42844 0.10580900000000003 0.130275
1 0.5943979999999999 0.382569 0.06224069999999998 0.144954
2 0.6986166441908714 0.743119009174312 0.32268372406639007 0.38899100917431195
2 0.6338169999999999 0.527523 0.13070500000000018 0.21100899999999997
1 0.8117220020746889 0.5095684220183486 0.150415 0.3365678532110092
2 0.19917 0.611927 0.16805000000000003 0.508257
1 0.732884 0.43945 0.10062199999999996 0.20733899999999988
2 0.9393149999999999 0.6 0.12136900000000016 0.27156
1 0.409751 0.424771 0.08091289999999993 0.1853210000000001
2 0.44968900000000006 0.710092 0.220954 0.568807
2 0.9003903578838175 0.8510069541284404 0.196545010373444 0.28187966972477063
