0 0.943357 0.265411 0.05516009999999985 0.323059
0 0.3947209964412811 0.27374183789954337 0.08481609727164888 0.18218666666666666
0 0.7402140000000001 0.30308199999999996 0.058125699999999926 0.17922399999999994
2 0.832147 0.397831 0.09964409999999982 0.16780800000000004
0 0.599348 0.343607 0.05397389999999993 0.287671
0 0.2624560000000001 0.296804 0.05753260000000003 0.175799
0 0.647687 0.541096 0.25622799999999984 0.906393
0 0.255042 0.655822 0.35587199999999997 0.6746579999999999
0 0.886714 0.311644 0.09015419999999992 0.20547899999999997
0 0.510973 0.550799 0.126335 0.642694
0 0.839561 0.648402 0.26038000000000006 0.691781
2 0.46162051601423487 0.44230781392694063 0.06794402135231316 0.1439558105022831
