1 0.160116 0.21088900000000002 0.06986900000000001 0.198999
1 0.926128 0.121402 0.11135399999999994 0.175219
2 0.330422 0.148936 0.10189200000000001 0.16020000000000004
2 0.260917 0.140801 0.07933040000000004 0.12390499999999999
2 0.563319 0.0769712 0.08151379999999994 0.153942
2 0.413755 0.0694618 0.0793304 0.136421
2 0.49526899999999996 0.14956200000000003 0.08660840000000004 0.20150200000000001
1 0.7928835917030568 0.2077600062578223 0.1245673289665211 0.24781
2 0.5938263136826782 0.2976377722152691 0.11280900291120816 0.43679599499374216
2 0.0393013 0.4324160000000001 0.0786026 0.4367960000000001
2 0.107715 0.536295 0.14701600000000004 0.609512
2 0.393013 0.273467 0.10916999999999999 0.246558
2 0.50837 0.43116400000000005 0.1171759999999999 0.5269090000000001
2 0.23690000000000003 0.33354199999999995 0.105531 0.3391739999999999
2 0.417758 0.642678 0.13973800000000003 0.6420529999999999
2 0.291849 0.594493 0.133916 0.560701
2 0.725983 0.705882 0.16812199999999985 0.5882349999999998
1 0.8882721979621544 0.35234918648310387 0.15611062590975255 0.39597246558197746
2 0.7547969432314411 0.32281852315394244 0.12957205240174674 0.29395994993742175
1 0.8211442358078602 0.10738235294117646 0.09366640465793305 0.20939549436795993
1 0.9191040756914118 0.2691276595744681 0.13035225618631732 0.22684605757196497
