0 0.0957597 0.407942 0.11943500000000001 0.25752100000000006
0 0.8346290000000001 0.78219 0.282686 0.4332130000000001
0 0.21908099999999997 0.506619 0.20777399999999996 0.4259930000000001
0 0.3038240706713781 0.47366428399518656 0.12678870671378092 0.2659450060168472
0 0.730035 0.466907 0.14558300000000002 0.29121500000000006
0 0.5641765335689046 0.46931400722021666 0.15026006360424027 0.45968700361010834
0 0.13180199999999997 0.674489 0.26219099999999995 0.586041
0 0.636749 0.61432 0.22049500000000014 0.665463
0 0.5667833922261484 0.4214766305655836 0.19076678445229683 0.3865774247894103
0 0.34285393286219085 0.42483212996389885 0.10101015547703181 0.18389290012033693
