1 0.4968810000000001 0.374302 0.07068610000000003 0.09683430000000005
1 0.2972969999999999 0.34171300000000004 0.04573799999999994 0.09869649999999995
1 0.81341 0.438547 0.12578 0.20297999999999994
1 0.4158 0.371508 0.08939710000000002 0.12476699999999993
1 0.6926371517671517 0.34078200186219737 0.05755380457380457 0.11545599627560521
1 0.347193 0.336127 0.056133100000000054 0.09869649999999995
1 0.269231 0.38826799999999995 0.06652809999999999 0.10242100000000001
1 0.610187 0.344507 0.056133100000000054 0.09683430000000005
1 0.33264 0.603352 0.10602900000000003 0.3761639999999999
1 0.42463599999999996 0.657356 0.10914800000000002 0.42830499999999994
1 0.403326 0.315642 0.047817000000000005 0.0726257
1 0.19958400000000004 0.418063 0.08108110000000003 0.11731800000000005
1 0.558732 0.386406 0.0654885999999999 0.10614500000000006
1 0.940748 0.439479 0.11850300000000007 0.18994399999999997
1 0.797817 0.701117 0.16735999999999987 0.515829
1 0.46257800000000004 0.34543799999999997 0.04573799999999994 0.10242100000000001
1 0.41164199999999995 0.42365 0.09563409999999997 0.14711399999999994
1 0.601871 0.44878999999999997 0.07068610000000008 0.14152699999999996
1 0.534823 0.342644 0.05509359999999994 0.10800699999999996
1 0.7556424896049895 0.2914339944134078 0.06667712058212058 0.08752329608938549
0 0.33471900000000004 0.4124769999999999 0.07900209999999994 0.13593999999999992
1 0.24584200000000003 0.49627600000000005 0.09459459999999997 0.15828699999999998
1 0.49532200000000004 0.433892 0.07172560000000003 0.14525099999999994
1 0.5317049999999999 0.662011 0.12993799999999994 0.46741199999999994
0 0.9395945945945946 0.6919469273743016 0.11988357588357589 0.5248324022346368
1 0.4076172972972973 0.28956052141527006 0.0484597920997921 0.08021973929236499
1 0.44994332120582126 0.28736246741154564 0.048460446985446985 0.08901063314711359
1 0.6566658212058212 0.38296736499068906 0.09385347193347193 0.13296638733705773
0 0.8606278586278586 0.34395623836126626 0.08710602910602912 0.1076927374301676
1 0.03649844074844075 0.4675824487895717 0.04846049896049896 0.12417588454376165
