1 0.124224 0.37247699999999995 0.11387199999999997 0.27889899999999995
2 0.870083 0.378899 0.11283599999999994 0.166972
2 0.39130399999999993 0.351376 0.10973100000000004 0.20367000000000005
1 0.913561 0.340367 0.0755694 0.09357799999999995
2 0.29658399999999996 0.26789 0.06728779999999997 0.09174309999999997
1 0.870083 0.378899 0.11490700000000016 0.17064199999999993
2 0.462733 0.5486239999999999 0.16356099999999996 0.45504600000000006
2 0.303313 0.706422 0.364389 0.4000000000000001
2 0.710663 0.355046 0.08385090000000006 0.11559600000000005
1 0.07401660000000002 0.501835 0.14596300000000004 0.33578
2 0.611284 0.4302750000000001 0.13768099999999994 0.18899100000000002
2 0.862836 0.52844 0.13561099999999987 0.242202
2 0.734472 0.710092 0.2308490000000001 0.568807
2 0.0595238 0.313761 0.0693582 0.12844000000000003
2 0.282609 0.46789 0.16356100000000004 0.30091700000000005
