2 0.872285 0.324176 0.07549120000000012 0.10989000000000007
2 0.9100309999999999 0.512821 0.16339199999999995 0.2564100000000001
2 0.7921409999999999 0.297619 0.05997929999999989 0.09706959999999998
2 0.7507759999999999 0.344322 0.09513959999999995 0.12454200000000006
1 0.0361944 0.4065929999999999 0.0661841 0.2454209999999999
2 0.199586 0.325092 0.0806618 0.155678
2 0.49948300000000007 0.515568 0.17787 0.3388279999999999
0 0.109617 0.278388 0.08686659999999999 0.13919400000000004
2 0.329886 0.718864 0.335057 0.4560439999999999
2 0.635471 0.423993 0.12306100000000016 0.20695999999999995
2 0.925026 0.380952 0.1003099999999999 0.14652
2 0.7823159999999999 0.701465 0.25749699999999986 0.589744
2 0.125129 0.498168 0.22543999999999997 0.32600700000000005
2 0.9435812254395036 0.33087264652014653 0.06821086866597724 0.09530232600732601
