1 0.24850988081048866 0.6260550421940928 0.13945122765196663 0.3322781012658228
1 0.20142999999999997 0.42932499999999996 0.140644 0.234177
1 0.330751 0.447257 0.1299170000000001 0.23206799999999997
1 0.9481529976162097 0.8032699050632911 0.10131100119189512 0.3681431856540084
1 0.551847 0.775316 0.193087 0.4493670000000001
1 0.665673 0.488397 0.13230000000000008 0.25949400000000006
1 0.34982113825983313 0.3027429957805907 0.10369471990464839 0.21730000000000002
1 0.9445770000000001 0.361814 0.11084599999999994 0.20464099999999996
1 0.43623399999999996 0.315401 0.11203800000000001 0.22995799999999997
2 0.942789 0.530591 0.11442199999999995 0.225738
1 0.5569129916567342 0.3037974683544304 0.08879618593563766 0.22151898734177214
