2 0.348338 0.550028 0.14381800000000003 0.38695399999999996
2 0.366455 0.7971249999999999 0.18079899999999996 0.39911599999999997
1 0.4803351101979828 0.5721389994472084 0.13821400074710496 0.36263100055279157
2 0.464139 0.430072 0.12289899999999997 0.208955
1 0.681173 0.30514099999999994 0.09376169999999995 0.25428399999999995
2 0.59096 0.43172999999999995 0.1262609999999999 0.2775009999999999
2 0.577886 0.29906 0.107583 0.23217200000000005
2 0.792865 0.31122200000000005 0.09749720000000012 0.271973
1 0.8967535861038477 0.3812078662244334 0.1341871722076952 0.18751273631840795
2 0.718155 0.473742 0.12887599999999994 0.2620229999999999
2 0.2004943761673515 0.7421098507462686 0.21537324990661186 0.3841637037037037
2 0.872619 0.523494 0.1793050000000001 0.2686569999999999
1 0.6128753025775121 0.6487009977888336 0.18553038849458348 0.2824769983416252
1 0.73834329473291 0.16174516307352127 0.07075009338812104 0.2134228855721393
