1 0.9217139942857142 0.5975420707070707 0.1474289942857143 0.25946183838383835
1 0.474857 0.313131 0.05371430000000003 0.11717199999999994
1 0.144 0.5392948282828283 0.16685700571428572 0.19778165656565658
1 0.315429 0.452525 0.08457139999999998 0.141414
1 0.592 0.4343430000000001 0.08000000000000007 0.4363640000000001
1 0.8502859942857143 0.4171044646464646 0.07771429714285714 0.1594619393939394
1 0.3550598857142857 0.29292898989898986 0.06326178285714286 0.09696969696969697
1 0.162286 0.33131299999999997 0.05485709999999999 0.12121200000000001
1 0.289143 0.311111 0.057142900000000024 0.10909100000000006
1 0.398857 0.394949 0.08685710000000005 0.15555600000000003
1 0.06514290285714286 0.4988812828282828 0.128 0.23008555555555554
1 0.785143 0.5494949999999998 0.1234290000000001 0.30707099999999987
1 0.673143 0.4 0.064 0.29495000000000005
1 0.29485699428571427 0.722257303030303 0.16 0.5111815959595959
1 0.41142899999999993 0.60404 0.14857099999999998 0.42828299999999997
1 0.22914300000000004 0.4292929999999999 0.11085700000000004 0.15959599999999996
2 0.694857 0.691919 0.21028599999999992 0.38181799999999994
1 0.510286 0.541414 0.10857099999999997 0.42424200000000006
1 0.9034756228571428 0.7828280000000001 0.18619174857142856 0.4060610101010101
1 0.030349142857142856 0.4291838383838384 0.05908 0.22031515151515152
