1 0.6503499999999999 0.574894 0.12587399999999999 0.29324899999999987
1 0.235431 0.292194 0.09090909999999999 0.19198300000000004
1 0.8583919988344988 0.6139237658227849 0.13403299533799534 0.5358655485232068
1 0.412587 0.343882 0.0815850999999999 0.1645570000000001
1 0.764569 0.376582 0.09090910000000006 0.17932499999999998
1 0.696387 0.3913499999999999 0.09207459999999992 0.170886
1 0.928322 0.444093 0.12237800000000011 0.22995800000000005
1 0.2703962703962704 0.5210970464135021 0.08974358974358974 0.2869198312236287
1 0.3347902097902098 0.2869198312236287 0.06934731934731934 0.14978902953586498
1 0.36237104895104894 0.7110155485232068 0.177826013986014 0.34048679324894515
