1 0.92217 0.528807 0.0872641999999999 0.18107000000000006
1 0.49174499999999993 0.35288099999999994 0.09198109999999995 0.23250999999999997
1 0.387972 0.360082 0.08018869999999997 0.251029
1 0.08313680000000001 0.398148 0.08136790000000002 0.15843600000000002
1 0.62559 0.40226300000000004 0.08372640000000002 0.18312800000000004
1 0.45342 0.585391 0.107311 0.388889
1 0.54717 0.7392617489711933 0.12028299528301886 0.47852349794238686
1 0.7057779999999999 0.377572 0.07665090000000004 0.12139900000000003
1 0.110259 0.6008230000000001 0.112028 0.2345680000000001
1 0.7889149999999999 0.42901200000000006 0.08254719999999995 0.162551
1 0.563679 0.324074 0.06839620000000003 0.12963000000000005
1 0.5599115566037736 0.49651156378600825 0.10966999999999999 0.18107
1 0.206958 0.466049 0.10966999999999999 0.16666699999999998
1 0.304835 0.730453 0.163915 0.26748999999999995
1 0.242335 0.590535 0.08372640000000002 0.20576100000000003
1 0.8408019999999999 0.6399180000000001 0.12264199999999997 0.3539090000000001
1 0.0807783 0.504115 0.0884434 0.18107000000000012
1 0.17001061320754715 0.39127572016460904 0.05692688679245283 0.12483127572016461
1 0.6585031839622641 0.6228184670781893 0.13077759433962263 0.22013487654320987
1 0.2954033018867925 0.31342283950617283 0.07077358490566038 0.12214609053497942
1 0.3361751179245283 0.305369341563786 0.0707747641509434 0.20268518518518516
1 0.41771881485849055 0.2738259156378601 0.060003667452830194 0.24161154320987654
1 0.45832676886792456 0.2575106275720165 0.04263466981132076 0.11158779835390947
1 0.5132600235849056 0.28540777777777776 0.03771580188679245 0.11587991769547325
