1 0.385758 0.7669650000000001 0.1424219999999999 0.45326500000000003
1 0.4722010015232293 0.31366001280409733 0.050266603198781415 0.12088225352112676
1 0.5185744287890328 0.3646969910371319 0.0912240594059406 0.18906097311139566
1 0.49695399999999995 0.41997399999999996 0.08301599999999998 0.19206099999999995
1 0.350343 0.293854 0.05483629999999995 0.12419999999999998
1 0.737624 0.3373880000000001 0.05255140000000006 0.12932100000000002
1 0.10755735719725817 0.4430219974391805 0.06820589489718203 0.1766970038412292
1 0.40022800000000003 0.400128 0.06016759999999994 0.15236899999999992
1 0.07058329017517136 0.6766969974391805 0.13606082254379284 0.4827139948783611
1 0.4554460000000001 0.546735 0.12795099999999995 0.20742599999999994
1 0.276085 0.300896 0.04950500000000005 0.11011500000000002
1 0.6523229969535415 0.7066361331626121 0.16222399847677077 0.5810052752880922
1 0.7814169999999999 0.45966699999999994 0.0837776 0.161332
1 0.830541 0.701024 0.12261999999999988 0.323944
1 0.24371699999999996 0.409731 0.08225440000000002 0.15620999999999996
1 0.17402900228484386 0.5345601152368759 0.11043399847677075 0.31879923175416136
1 0.784844 0.574264 0.09672509999999998 0.20358499999999993
1 0.43945200000000006 0.3508319999999999 0.06397560000000004 0.15364900000000006
1 0.261995 0.729834 0.15536899999999998 0.5403330000000002
1 0.348058 0.475672 0.09900990000000004 0.22151099999999999
1 0.307692 0.34379 0.0761615 0.14724699999999996
1 0.5513073115003809 0.2738258642765685 0.0503008377760853 0.1342279129321383
