1 0.165832 0.594732 0.17604000000000003 0.371834
1 0.265023 0.41768 0.12480699999999999 0.27001
1 0.523498 0.800152 0.16255799999999998 0.38247199999999987
1 0.21513900000000002 0.31535 0.0989985 0.21833800000000003
2 0.552003 0.281155 0.10631699999999998 0.17730499999999993
1 0.7965786652542374 0.75 0.17790233050847457 0.3966570010131712
1 0.482666 0.195542 0.08012329999999998 0.18034400000000006
1 0.535054 0.383739 0.12403699999999995 0.24974700000000002
1 0.65832 0.524569 0.18181800000000012 0.255826
1 0.669684 0.8036979999999999 0.166795 0.38044600000000006
1 0.412558 0.384245 0.11710299999999994 0.26494399999999996
1 0.33821299999999993 0.28216800000000003 0.10708799999999996 0.227964
1 0.63446937596302 0.3533755293819656 0.118712249614792 0.24472572948328267
2 0.1414192584745763 0.42274677811550154 0.16970308551617874 0.23891272543059777
1 0.24258859784283518 0.15021479229989868 0.06309476117103237 0.1630901722391084
