1 0.41693299999999994 0.4239840000000001 0.09105430000000005 0.17431200000000005
1 0.7640534664536742 0.3434228964613368 0.046972955271565496 0.1232807863695937
1 0.24361000000000002 0.35190000000000005 0.07028750000000006 0.11402400000000004
1 0.453674 0.53211 0.08945690000000006 0.19397100000000006
1 0.7125375239616613 0.7216876802096985 0.15479694888178913 0.33721536041939715
1 0.268371 0.7509830000000001 0.146965 0.479685
1 0.36261999999999994 0.300131 0.059105399999999995 0.12843999999999997
1 0.178514 0.5537349999999999 0.11581500000000003 0.3499339999999999
1 0.242412 0.41874199999999995 0.0726837 0.14547799999999997
1 0.8346649999999999 0.577326 0.11341899999999981 0.23197899999999994
1 0.351837 0.505242 0.10143800000000006 0.208388
1 0.70607 0.5576669999999999 0.12939300000000012 0.25294899999999987
1 0.314696 0.34665799999999997 0.07987220000000003 0.14547799999999997
1 0.8650159999999999 0.739843 0.13738000000000003 0.3184800000000001
1 0.5152468051118211 0.4388188007863696 0.09835623003194888 0.15822737876802098
