1 0.854093 0.345603 0.10201699999999995 0.16359900000000005
1 0.08837490510083036 0.3398499897750511 0.08659550415183867 0.16436296523517382
1 0.7776515599051009 0.27795196319018406 0.08645336892052194 0.1353030674846626
1 0.2688935587188612 0.5192655828220859 0.10836811387900357 0.2737051533742332
1 0.677936 0.564417 0.15302499999999997 0.298569
1 0.36951400000000006 0.719836 0.17200499999999996 0.2944789999999999
1 0.422301 0.356851 0.08778169999999998 0.15746399999999997
0 0.13938299999999998 0.558282 0.13167299999999998 0.24948900000000002
1 0.16251499999999997 0.804703 0.211151 0.36196300000000003
1 0.6749139976275207 0.22679373210633946 0.04772835112692764 0.12658132924335377
