2 0.797022 0.454682 0.06269590000000004 0.12883900000000004
2 0.653801 0.730712 0.15791500000000003 0.28839
1 0.741575 0.519101 0.11559600000000009 0.218727
1 0.368339 0.349438 0.05485890000000002 0.15056199999999995
1 0.406348 0.539326 0.0932602 0.22172299999999986
2 0.702194 0.440449 0.08307210000000011 0.16928800000000008
1 0.428487 0.428464 0.09130089999999999 0.19325800000000007
1 0.219436 0.7696630000000001 0.13871499999999998 0.453184
2 0.79761 0.771536 0.14459200000000005 0.4389509999999999
2 0.101881 0.747191 0.14655200000000002 0.492135
1 0.298981 0.525468 0.106583 0.20599300000000004
1 0.365792 0.7228459999999999 0.168887 0.326592
2 0.23883199999999996 0.425094 0.0897335 0.194007
1 0.4613160266457681 0.3507385767790262 0.07063205329153605 0.15506367041198502
1 0.287494815830721 0.35337550936329587 0.054077766457680254 0.14556958052434457
2 0.674040072492163 0.356540074906367 0.06676938479623824 0.14767940074906366
1 0.602885579937304 0.3432623970037453 0.07642711598746081 0.1872340074906367
1 0.4711781955329154 0.265248202247191 0.060845019592476485 0.11347513108614231
2 0.6058534482758621 0.4333334943820225 0.08978369905956113 0.13758833707865167
1 0.38881485109717867 0.2992906367041199 0.0563930250783699 0.12765992509363294
