1 0.304571 0.22469600000000003 0.056000000000000036 0.11336000000000004
1 0.288571 0.315789 0.0582857 0.09716599999999997
1 0.48 0.30465600000000004 0.05714290000000009 0.12348199999999997
1 0.848571 0.41396800000000006 0.08571430000000003 0.163968
1 0.7817139999999999 0.550607 0.12800000000000014 0.29959500000000006
1 0.061142897142857144 0.5136413866396761 0.11771400000000001 0.19732378542510123
1 0.158857 0.334008 0.05942859999999999 0.10121499999999996
1 0.354286 0.282389 0.05942859999999993 0.11133599999999999
1 0.508 0.535425 0.11314300000000004 0.44736799999999993
1 0.593714 0.4682993724696356 0.08114290285714286 0.3738447368421053
2 0.6931430000000001 0.697368 0.22057100000000004 0.36639700000000014
1 0.298286 0.6953440000000001 0.16 0.5445340000000001
1 0.116 0.385628 0.09485710000000001 0.13157899999999997
1 0.39771400000000007 0.3917 0.08914290000000002 0.15182199999999998
1 0.224 0.430162 0.10285700000000003 0.15182199999999998
1 0.890857 0.79251 0.216 0.378543
1 0.6259554285714286 0.3254644939271255 0.050075428571428576 0.12160137651821863
1 0.8714916971428572 0.3590840587044534 0.05492289142857143 0.1487832995951417
