1 0.130562 0.586316 0.10889899999999998 0.18315799999999996
1 0.330211 0.28947399999999995 0.04215460000000002 0.08631579999999994
1 0.461944 0.285263 0.059718999999999925 0.09473679999999998
1 0.10187399999999999 0.41789500000000007 0.088993 0.14105299999999996
1 0.8619342154566745 0.6729358315789473 0.1356175644028103 0.3479766736842105
1 0.46838399999999997 0.42736799999999997 0.07259949999999994 0.13473700000000002
1 0.56089 0.389474 0.08196719999999998 0.17684199999999992
1 0.2060889988290398 0.6308162736842104 0.11241200234192036 0.16
1 0.457845 0.6178950000000001 0.11709599999999998 0.38947400000000004
1 0.175059 0.41789500000000007 0.07377050000000003 0.12421099999999995
1 0.0796253 0.524211 0.08196719999999999 0.155789
1 0.7798589929742389 0.45936423157894735 0.09133489461358314 0.15241246315789475
1 0.599532 0.34 0.05620610000000001 0.10736800000000005
1 0.7078450000000001 0.555789 0.09484779999999986 0.29052600000000006
1 0.29817057962529275 0.34 0.07025759953161592 0.0947368
1 0.566745 0.773684 0.13348899999999997 0.44
1 0.534543 0.506316 0.09953159999999994 0.1789469999999999
1 0.18618299999999996 0.497895 0.07728339999999999 0.17052599999999996
1 0.161007 0.805263 0.15339599999999998 0.2673680000000001
1 0.512881 0.3136840000000001 0.0608899000000001 0.08842110000000006
1 0.29274 0.795789 0.12880599999999998 0.227368
1 0.6604220023419203 0.7783660315789473 0.10304400468384074 0.39462705263157893
1 0.9257658079625293 0.565101052631579 0.06420608899297424 0.16912842105263157
1 0.36523422131147537 0.32188874736842105 0.044559777517564396 0.11444987368421053
