1 0.616033 0.519097 0.0921207 0.19930599999999998
1 0.398667 0.4260419999999999 0.06036850000000007 0.22986099999999995
1 0.375343 0.286111 0.049784399999999986 0.07222219999999997
1 0.496276 0.356597 0.07134460000000002 0.21875
1 0.7212860000000001 0.336111 0.07369660000000017 0.11527799999999999
1 0.512936 0.49375 0.0960408 0.19166700000000003
1 0.8179149999999998 0.861458 0.175225 0.2590280000000001
1 0.8649550000000001 0.6173609999999999 0.12583300000000006 0.2486109999999999
1 0.684241 0.4184030000000001 0.08898469999999993 0.12430600000000006
1 0.753822 0.560764 0.09643280000000008 0.24236100000000005
1 0.7845940000000001 0.43298600000000004 0.09212069999999992 0.17430600000000002
1 0.8908269999999999 0.44722199999999995 0.10701700000000004 0.159722
1 0.592121 0.3864580000000001 0.08663270000000006 0.15347199999999997
1 0.4299933359466876 0.29261732291666664 0.04621952175617405 0.08859035416666666
1 0.3265674735397883 0.28053680555555555 0.04546168169345355 0.07516805555555556
1 0.6232059819678558 0.768456375 0.1492665307722462 0.33691275
1 0.46333199333594666 0.7322148645833333 0.17805873382987064 0.30469778472222225
1 0.34854071932575464 0.7479860208333333 0.17578567228537828 0.3953012083333333
1 0.8929464915719326 0.3570470763888889 0.07955821246569973 0.13959751388888889
1 0.3386907095256762 0.35033556597222226 0.04546217169737358 0.11275168749999999
1 0.48938141905135235 0.24821180555555553 0.04845393963151705 0.0958513888888889
1 0.43729380635045084 0.24463516319444445 0.03957075656605252 0.08011439583333332
1 0.6900600686005488 0.26680968055555554 0.05410644061152489 0.10443480555555557
