1 0.9450170000000001 0.486762 0.10767499999999999 0.20366599999999996
1 0.790378 0.550916 0.09851089999999994 0.315682
1 0.06432883734249714 0.5245408553971487 0.12563792668957618 0.20997869653767823
1 0.14891199885452464 0.5457399694501018 0.14662099656357389 0.22127171079429733
1 0.34994299999999995 0.295316 0.06758299999999992 0.08553969999999998
1 0.290378 0.310591 0.058419200000000004 0.10794300000000003
1 0.11397500000000002 0.381874 0.0859107 0.11609000000000001
1 0.164948 0.335031 0.06185570000000001 0.11201600000000005
1 0.513173 0.556008 0.109966 0.46028500000000006
1 0.22565900000000003 0.4348270000000001 0.09621990000000004 0.15682300000000005
1 0.893471 0.788187 0.21305800000000003 0.399185
1 0.702749 0.700611 0.223368 0.37067200000000006
1 0.2888419358533792 0.7311609979633401 0.15005699885452464 0.5213850101832994
1 0.8606288087056128 0.4114093686354379 0.0739840778923253 0.17852545824847252
1 0.6702472966781214 0.4113019551934827 0.054714066437571596 0.27610892057026476
