1 0.42496199999999995 0.5054500000000001 0.08974360000000003 0.21525900000000003
1 0.750377 0.46321500000000004 0.08295630000000004 0.19346
2 0.21417800000000004 0.420981 0.08144800000000003 0.1416890000000001
1 0.37104099924585215 0.7696525817438692 0.13423800150829562 0.4521111580381471
2 0.24434399698340875 0.7485010149863759 0.15083000000000002 0.49155303814713897
1 0.339367 0.292234 0.054298599999999954 0.12942799999999993
2 0.681373 0.739101 0.11990999999999995 0.246594
2 0.813725 0.7193460000000002 0.14178000000000007 0.332425
1 0.334465 0.510218 0.08371039999999996 0.23297000000000007
1 0.779035 0.572207 0.08597290000000003 0.19073600000000007
1 0.66629 0.564033 0.12594299999999997 0.242507
1 0.294118 0.338556 0.07692310000000001 0.15667600000000004
