1 0.7439692787333855 0.5395518143939393 0.12437256059421424 0.2436243712121212
1 0.390539 0.305682 0.061767000000000016 0.12045499999999998
1 0.875098 0.532197 0.12001599999999979 0.276515
2 0.677678 0.369697 0.06919469999999997 0.14090900000000006
2 0.641126 0.7375 0.17826399999999998 0.30075800000000014
1 0.36434700000000003 0.360606 0.05160279999999994 0.12878800000000004
1 0.41047700000000004 0.270833 0.04222050000000005 0.10227300000000004
1 0.220485 0.775 0.141517 0.4333330000000001
1 0.33776399921813915 0.4200433674242425 0.0774041985926505 0.21597326515151513
1 0.315872 0.292424 0.060203299999999994 0.12727299999999997
2 0.608288 0.4435609999999999 0.08756840000000005 0.15984799999999996
2 0.659304 0.310985 0.06372170000000008 0.12348499999999996
1 0.414191 0.537879 0.11532399999999995 0.222727
2 0.8201719976544175 0.4597541287878788 0.069585598123534 0.13553115151515152
2 0.9333460007818608 0.7333379015151515 0.13096200156372168 0.30758580303030303
1 0.42689600000000005 0.43447 0.105551 0.20530300000000004
1 0.46559799999999996 0.310985 0.07036749999999999 0.11590900000000005
1 0.8070759999999999 0.722727 0.15598099999999987 0.3166670000000001
1 0.0805317 0.773106 0.157154 0.4356059999999999
2 0.699961 0.440152 0.09421419999999996 0.162121
1 0.28010199999999996 0.364773 0.07388589999999998 0.12045500000000002
1 0.157154 0.554167 0.11102400000000003 0.19924200000000003
1 0.618256 0.551894 0.14190799999999998 0.24924199999999996
2 0.751173 0.312121 0.08248630000000004 0.12878800000000004
1 0.2910479999999999 0.543182 0.101251 0.2560609999999999
1 0.378225 0.720833 0.16927299999999998 0.3113639999999999
1 0.229281 0.43863599999999997 0.09030490000000004 0.17121199999999998
1 0.4373429749804535 0.3695037878787879 0.08710268178264269 0.11773030303030303
