2 0.7539579465648856 0.7155935309617918 0.17814589312977097 0.321833069828722
1 0.232824 0.39640708827404475 0.07328239694656488 0.17094418972332018
1 0.184351 0.381423 0.05267179999999998 0.14361000000000004
1 0.36832099999999995 0.662714 0.176336 0.26086999999999994
2 0.16717600000000002 0.485507 0.11297700000000001 0.18577099999999996
1 0.10648899999999999 0.455863 0.07557249999999999 0.17127799999999999
1 0.30458 0.370883 0.07786260000000003 0.19631099999999999
1 0.446565 0.34058 0.058015300000000006 0.1515150000000001
1 0.8312846526717558 0.7379541040843215 0.17559968702290077 0.2690582213438735
1 0.815649 0.552042 0.09083970000000008 0.23978900000000006
1 0.7681762977099236 0.45589391963109355 0.07586050381679389 0.18978583662714096
1 0.07290080152671756 0.7063313306982871 0.145802 0.4745856653491436
1 0.49771 0.42490100000000003 0.08244270000000004 0.16996000000000008
1 0.40712794274809155 0.40067127799736496 0.08321434351145038 0.1704703557312253
