1 0.704848 0.417899 0.061766999999999836 0.149408
1 0.41692700156372164 0.2986675221893491 0.04808440187646599 0.10621105029585799
1 0.5819 0.45895 0.10985099999999998 0.19452700000000003
1 0.320758 0.46301800000000004 0.07154029999999999 0.19082800000000005
1 0.274433 0.386095 0.06724 0.18491099999999994
1 0.673182 0.6187129999999998 0.12587999999999996 0.3217459999999998
1 0.389367 0.27145 0.04300230000000006 0.09467460000000001
1 0.454848 0.328033 0.06059420000000009 0.12795899999999996
1 0.8270130000000001 0.5092459999999999 0.11063299999999998 0.20044400000000004
1 0.501759 0.400518 0.06997649999999998 0.167899
1 0.647381 0.43158299999999994 0.07740419999999984 0.14570999999999995
1 0.367084 0.378328 0.06567630000000002 0.136834
1 0.198788 0.47855 0.09499609999999999 0.20118299999999995
1 0.758991 0.508136 0.10750600000000002 0.21301799999999996
1 0.36923399999999995 0.6697490000000001 0.13878 0.4903850000000001
1 0.432564 0.472633 0.0942142 0.19822499999999996
1 0.503714 0.699334 0.16301800000000005 0.514053
1 0.5212838428459734 0.3271573372781065 0.047494863174354966 0.10963381656804734
1 0.4846804495699765 0.2971632322485207 0.04123331508991399 0.10354631656804733
1 0.37072618060985146 0.24397179363905322 0.04123333072713058 0.08510670857988165
1 0.23629201524628615 0.2939915865384615 0.04763641516810008 0.12160262573964496
1 0.30925901485535573 0.2968524408284024 0.05292928850664582 0.11301849112426035
