1 0.565993 0.397186 0.07134360000000006 0.17965399999999998
1 0.334126 0.28571399999999997 0.052318700000000044 0.10389599999999996
1 0.8489889952437574 0.6762168831168831 0.10939399524375742 0.3307877489177489
1 0.336504 0.416667 0.06896550000000004 0.15800900000000007
1 0.48810900000000007 0.448052 0.08204520000000008 0.177489
1 0.709869 0.5606060000000002 0.09036859999999979 0.29870100000000016
1 0.558859 0.781385 0.11890600000000003 0.43722899999999987
1 0.458383 0.649351 0.09631389999999994 0.398268
1 0.6795480000000002 0.770563 0.12247300000000008 0.458874
1 0.39001199999999997 0.550866 0.07847800000000008 0.35281399999999996
1 0.941736 0.579004 0.09750299999999994 0.205628
2 0.642687 0.4329 0.07728890000000015 0.121212
1 0.708086 0.40368 0.07728890000000015 0.127706
1 0.37396 0.33658 0.05588590000000005 0.11039
1 0.511296 0.32792199999999994 0.05945299999999994 0.09740260000000003
1 0.567776 0.542208 0.11771700000000007 0.17099600000000004
1 0.621284 0.34090899999999996 0.06064210000000001 0.13203499999999999
1 0.46195 0.281385 0.05588590000000005 0.10389599999999999
1 0.425684 0.374459 0.05945299999999994 0.147186
0 0.1991680023781213 0.49171361471861474 0.0749107966706302 0.17823225108225108
1 0.12187899999999999 0.646104 0.12009499999999998 0.23593099999999984
1 0.13912 0.838745 0.16646799999999998 0.253247
1 0.30975 0.78355 0.148633 0.30303000000000013
1 0.08739600000000002 0.5432900000000002 0.08917950000000002 0.168831
1 0.795482 0.468615 0.08561240000000002 0.17532499999999998
1 0.07779310344827585 0.42953030303030304 0.08037336504161711 0.16644155844155845
1 0.17180856123662308 0.42416125541125543 0.056040428061831155 0.12885930735930737
1 0.289051724137931 0.35167748917748914 0.06931391200951248 0.1208051948051948
