1 0.171648 0.5376630498721228 0.130268 0.32340809462915604
1 0.7877390000000001 0.448849 0.08429120000000005 0.16368299999999994
1 0.3078372222222222 0.3432762787723785 0.08470785440613027 0.13412255754475705
1 0.103831 0.43989799999999996 0.09118769999999998 0.19181600000000001
2 0.396169 0.76087 0.124138 0.47826100000000005
1 0.6842910000000001 0.5453959999999999 0.13026800000000008 0.23657299999999995
1 0.355172 0.294757 0.054406100000000034 0.12404099999999998
1 0.07349599999999999 0.6999406969309463 0.14572780076628353 0.44847338874680304
1 0.24023000000000003 0.409847 0.07432950000000005 0.147059
1 0.842529 0.789003 0.13869700000000001 0.41432200000000013
1 0.357088 0.491049 0.09501919999999998 0.232737
1 0.813793 0.575448 0.10421500000000002 0.19437299999999993
1 0.44329499999999994 0.352302 0.06053640000000008 0.12404099999999992
1 0.264751 0.748721 0.141762 0.48209699999999994
2 0.694253 0.807545 0.14252899999999993 0.3849100000000001
1 0.5186403946360154 0.35021099744245526 0.08407006130268199 0.2742608695652174
1 0.7402551724137931 0.3397712787723785 0.05400766283524905 0.13018634271099744
