1 0.5720980011723329 0.3612956302521008 0.09847600234466589 0.23099525210084032
1 0.381594 0.730042 0.16764400000000002 0.308824
1 0.707503 0.279412 0.06682300000000008 0.11764700000000003
1 0.5441654630715123 0.2552519957983193 0.05821137162954279 0.11554600840336134
1 0.9353014771395075 0.4791823949579832 0.12705202813599062 0.22306978991596638
1 0.7678261078546308 0.26933306722689077 0.08899350527549825 0.13360285714285713
1 0.826495 0.360294 0.07268460000000018 0.1449580000000001
2 0.646542 0.317227 0.08558029999999991 0.10924400000000001
1 0.891559 0.347689 0.09026960000000003 0.12395000000000002
1 0.6079560257913248 0.6376049894957984 0.2757010550996483 0.3424369957983193
1 0.4208680011723329 0.36700442226890756 0.0937866002344666 0.15417682773109245
1 0.673018141852286 0.5849644957983192 0.14322228604923798 0.283853025210084
1 0.32004699999999997 0.294118 0.08440800000000002 0.14705900000000002
1 0.8599060000000001 0.607143 0.15357599999999996 0.453782
1 0.167057 0.582983 0.137163 0.23319299999999998
1 0.7719809999999999 0.382353 0.111372 0.155462
1 0.6969520046893318 0.40350737394957986 0.11840600234466589 0.16777424369747898
1 0.26846400351699884 0.546572930672269 0.11723300117233294 0.24440686974789916
1 0.241501 0.309874 0.08909729999999998 0.161765
1 0.3103194724501758 0.40928269957983193 0.11558604923798359 0.14767930672268909
