1 0.23350113777089784 0.4168977806788512 0.05833377708978328 0.13666856396866842
1 0.6904420936532508 0.44668882506527413 0.0898634907120743 0.19102864229765015
1 0.665449419504644 0.610965998694517 0.15362215170278637 0.3550910052219321
1 0.7813470000000001 0.46409899999999993 0.09674920000000013 0.16057400000000008
1 0.16453279798761608 0.5459396083550915 0.13003099845201238 0.37014610966057443
2 0.375387 0.6853789999999998 0.13931899999999997 0.30287200000000003
1 0.44040199999999996 0.345953 0.06501550000000003 0.15665799999999994
1 0.298762 0.342689 0.08204330000000004 0.15535199999999996
1 0.0669505 0.713446 0.133901 0.4947779999999999
1 0.7964399999999999 0.588773 0.0990712 0.17754599999999995
2 0.255031 0.754569 0.14938099999999999 0.4856400000000001
1 0.8339780000000001 0.721932 0.13544899999999996 0.315927
1 0.491486 0.429504 0.08204330000000004 0.20104399999999997
1 0.3868099845201239 0.4177212793733681 0.06441563467492259 0.19198302872062664
1 0.34648246130030963 0.30114435378590076 0.051738916408668734 0.12446325065274151
1 0.7328292995356037 0.345493270234987 0.050890936532507744 0.12732416449086162
