1 0.9192580000000001 0.609312 0.11602899999999994 0.3400810000000001
1 0.464713 0.411943 0.07535889999999999 0.17206500000000002
1 0.611244 0.4089070000000001 0.08133969999999995 0.18218599999999996
1 0.313397 0.368421 0.06937800000000001 0.125506
1 0.267345 0.35020200000000007 0.06818179999999999 0.178138
1 0.540072 0.361336 0.06818180000000006 0.17611299999999994
1 0.180024 0.47166 0.08732060000000001 0.186235
1 0.217703 0.584008 0.09090910000000003 0.22874499999999995
1 0.48743999999999993 0.293522 0.05861239999999994 0.10121499999999996
1 0.771531 0.432186 0.08373210000000006 0.163968
1 0.546651 0.491903 0.10765600000000003 0.19028299999999998
1 0.691388 0.383603 0.08612440000000011 0.12753
1 0.40054894138755986 0.34295242914979757 0.058693983253588516 0.15167813765182186
1 0.5325789055023923 0.7424895141700404 0.12173214114832535 0.48640963562753037
