1 0.702254 0.270878 0.06642939999999997 0.11349000000000001
1 0.539739 0.280514 0.05931200000000002 0.11134900000000006
2 0.641163 0.32012799999999997 0.07710560000000008 0.134904
1 0.7046260000000001 0.41434699999999997 0.13285900000000012 0.21199100000000007
1 0.9408825860023725 0.4927775267665953 0.11348982206405694 0.22752507494646682
1 0.7763940000000001 0.284797 0.09608540000000007 0.13704499999999994
2 0.16903899999999997 0.829764 0.19810199999999997 0.32762300000000005
1 0.9056939976275207 0.3565966059957173 0.07947810201660735 0.12646922912205566
1 0.1482800059311981 0.5835205888650964 0.17793600237247922 0.25911916488222697
1 0.413404 0.5096360000000001 0.13878999999999994 0.23982900000000001
1 0.6697705693950178 0.6152070342612419 0.12720412811387902 0.2599499143468951
1 0.866548 0.600642 0.1530249999999999 0.43469
1 0.3831550000000001 0.733405 0.15658400000000008 0.32333999999999996
1 0.2722419988137604 0.5515749678800856 0.11743799525504152 0.2765969164882227
1 0.7819580664294188 0.39614599571734477 0.11670512455516013 0.17130599571734476
1 0.5094899999999999 0.476445 0.13167299999999998 0.22483900000000004
2 0.32757337485172006 0.4271949892933619 0.09049744958481613 0.13918599571734475
1 0.496441 0.302998 0.07710560000000002 0.169165
1 0.5840682087781731 0.35548523554603856 0.09992526690391458 0.2109704710920771
1 0.5844860557532622 0.2103003319057816 0.05309906287069988 0.11158777301927196
1 0.5527853440094899 0.2174535010706638 0.06894909845788849 0.10014306209850107
