2 0.6929529999999999 0.49518399999999996 0.1621919999999999 0.3784699999999999
2 0.0831469 0.76289 0.164802 0.34957499999999997
2 0.804064 0.35779000000000005 0.13683799999999996 0.24305900000000005
2 0.332774 0.540227 0.197241 0.26119
2 0.35421299999999994 0.323513 0.12826199999999996 0.26288999999999996
1 0.9323270000000001 0.334844 0.1286350000000001 0.2855519999999999
1 0.153803 0.22436300000000003 0.07345260000000003 0.22436300000000003
2 0.23415400000000006 0.302266 0.11185700000000003 0.30424900000000005
2 0.738814 0.705099 0.2114089999999999 0.43002800000000013
2 0.878263 0.48470299999999994 0.15995500000000007 0.32917799999999997
2 0.163311 0.495184 0.154362 0.33314400000000005
1 0.034363907531692765 0.21387705382436265 0.0649619686800895 0.27038640226628896
1 0.32198452647278153 0.08726748441926345 0.07343512304250559 0.16595144475920678
2 0.8115513217747949 0.1566522577903683 0.0809667076808352 0.19599406798866856
1 0.6194904921700224 0.25035779036827194 0.09414727815063385 0.19170254957507082
