1 0.34696185294117643 0.7696279958677685 0.16960629411764708 0.448346997245179
1 0.864314 0.635675 0.13254900000000006 0.22313999999999992
1 0.236471 0.434573 0.06588239999999997 0.12121199999999999
1 0.623333 0.787534 0.15725499999999992 0.3381540000000001
1 0.43039200000000005 0.313361 0.04901960000000011 0.08953170000000002
1 0.48902000000000007 0.265496 0.05803919999999995 0.08884300000000002
1 0.0980392 0.538567 0.07058820000000002 0.15151500000000007
1 0.32 0.30027500000000007 0.05176469999999997 0.07300280000000002
1 0.687843 0.296488 0.05647059999999988 0.09159779999999992
1 0.732549 0.354683 0.06196080000000005 0.11019300000000003
1 0.465882 0.727961 0.18196100000000004 0.2699719999999999
1 0.333922 0.36157 0.053725499999999975 0.10881499999999998
1 0.626471 0.542355 0.11882400000000005 0.200413
1 0.27921599999999996 0.36229371900826446 0.06431370196078431 0.08402199724517906
1 0.9111760000000001 0.400138 0.0898039 0.12809899999999994
1 0.8949020000000001 0.4938020000000001 0.1192160000000001 0.12947699999999998
1 0.24117600000000003 0.331267 0.06823529999999998 0.09917359999999996
1 0.8154899999999999 0.878099 0.17529400000000003 0.24242399999999997
1 0.49235299999999993 0.396694 0.06392159999999993 0.2217629999999999
1 0.744118 0.589187 0.11254900000000005 0.229339
1 0.045098000000000006 0.497245 0.08549020000000002 0.15427000000000002
1 0.401765 0.447314 0.06470590000000004 0.24449000000000004
1 0.691569 0.42940799999999996 0.06941179999999991 0.14807199999999998
1 0.597843 0.412534 0.08352939999999993 0.13360899999999998
1 0.793529 0.4573 0.08745099999999995 0.133609
1 0.513333 0.524449 0.09803920000000003 0.176997
1 0.2947060000000001 0.5247929999999998 0.07490200000000004 0.33057899999999996
1 0.5468645098039215 0.2718119834710744 0.043565882352941177 0.08993250688705234
1 0.6481358823529412 0.3395974517906336 0.06114470588235295 0.12080509641873277
1 0.8281310823529412 0.311409435261708 0.04662294901960784 0.1100668044077135
1 0.7539929705882353 0.2979865702479339 0.05120868627450981 0.08859022038567493
1 0.9034156862745099 0.3255033298898072 0.06420235294117647 0.11946303719008264
1 0.7971764705882353 0.36644279958677684 0.06420235294117647 0.1100674173553719
1 0.3771640392156863 0.3032904063360881 0.0537641568627451 0.08297566115702479
