1 0.40599 0.256944 0.08802079999999997 0.13055600000000003
1 0.514063 0.22592599999999996 0.07083330000000003 0.10740699999999995
1 0.7255210000000001 0.36435200000000006 0.127083 0.17685199999999998
1 0.8818203697916667 0.3060008935185185 0.09593204166666666 0.17318321296296296
1 0.449479 0.25046299999999994 0.06354170000000003 0.141667
1 0.808594 0.6629629999999999 0.12239599999999994 0.3759259999999999
1 0.604167 0.469444 0.1177079999999999 0.22963000000000006
1 0.7115967005208332 0.745687037037037 0.19138959895833332 0.4432250740740741
1 0.7210940000000001 0.441204 0.14010400000000006 0.2305560000000001
1 0.817448 0.302315 0.07864580000000009 0.15648099999999998
1 0.5161459999999999 0.339352 0.09895830000000003 0.21759300000000006
1 0.524219 0.6640294537037038 0.167187 0.4947259074074074
1 0.177865 0.38114175925925925 0.12343799999999999 0.16598651851851853
1 0.28510689062500005 0.43459937500000007 0.12282419791666667 0.48734134259259265
1 0.8344958333333334 0.5951360324074073 0.156115625 0.3576535462962963
1 0.36051510416666666 0.4241773935185185 0.09656666666666666 0.27038626851851855
