1 0.2763665910753475 0.8167190031152648 0.22750500365764448 0.36448600207684323
1 0.880709279444038 0.6614749999999999 0.19594656181419165 0.37590900311526476
1 0.19860999999999998 0.40083099999999994 0.12801799999999994 0.22014499999999995
1 0.455743 0.370197 0.14630600000000002 0.22326099999999993
1 0.48134599999999994 0.73676 0.174104 0.41432999999999987
1 0.6969359765910753 0.7071649999999999 0.22134405267008045 0.36137099688473523
1 0.54316 0.49740400000000007 0.14703700000000003 0.303219
1 0.378932 0.545171 0.14191699999999996 0.280374
1 0.321507 0.39096600000000004 0.09436719999999997 0.23156800000000005
1 0.23261427944403804 0.5476510332294912 0.1361642721287491 0.3651006126687435
1 0.689332845647403 0.31275181723779855 0.13805559619604976 0.5100664589823468
