1 0.200787 0.27658399999999994 0.0708661 0.16863599999999998
1 0.9343352970651395 0.272825 0.08771049391553329 0.14607900107411387
1 0.936292 0.538668 0.12455299999999991 0.4328680000000001
1 0.503579 0.73362 0.16392300000000004 0.33512400000000003
1 0.648533 0.167025 0.06871869999999998 0.136412
1 0.842162 0.3200859999999999 0.09520400000000002 0.18689599999999998
1 0.214746 0.55478 0.11596299999999998 0.254565
1 0.7641369999999998 0.23039699999999996 0.0866142 0.14715399999999995
1 0.593057 0.199248 0.05368649999999997 0.12782
1 0.885469 0.292159 0.08303510000000001 0.165414
1 0.346815 0.486037 0.10808899999999996 0.252417
1 0.09457023622047245 0.6042171858216971 0.12868392269148177 0.31477237379162193
1 0.367573 0.317938 0.09520399999999998 0.20408199999999999
1 0.63529 0.319012 0.08088760000000007 0.268528
1 0.11345699999999999 0.286788 0.07659270000000001 0.19333999999999998
2 0.7043184323550464 0.26047299677765845 0.09152926270579814 0.12782000000000002
1 0.37687899999999996 0.804511 0.22977800000000004 0.384533
1 0.258411 0.360365 0.08733000000000002 0.19011800000000004
1 0.7566210021474589 0.5947335929108486 0.18468100214745886 0.29365517722878626
1 0.485684 0.46938799999999997 0.11381499999999999 0.19978500000000002
1 0.16606999999999997 0.396348 0.10021499999999998 0.20193300000000006
1 0.540086 0.23308299999999998 0.08804579999999997 0.19333999999999998
1 0.5630894774516821 0.41877613319011814 0.11107086614173228 0.22995828141783028
1 0.6435811524695777 0.6271095166487648 0.16520095919828204 0.36814384532760475
0 0.7637912312097352 0.37605485499462943 0.10755642090193271 0.21413501611170785
1 0.27553319613457405 0.15307562298603652 0.09534019327129563 0.3004287755102041
1 0.043379742304939156 0.4434908700322234 0.08485254115962777 0.28898388829215893
