1 0.667708 0.311399 0.046875 0.10009299999999997
1 0.685938 0.354032 0.055208300000000085 0.11306799999999992
1 0.128125 0.588508 0.09375000000000001 0.40037100000000003
1 0.683594 0.6195550000000001 0.11197900000000006 0.2789619999999999
1 0.331771 0.511585 0.103125 0.17794299999999993
1 0.9171879999999999 0.505097 0.10729199999999998 0.1334569999999999
1 0.390365 0.361446 0.05885419999999992 0.13345700000000008
1 0.422396 0.60797 0.11354199999999999 0.24652499999999994
1 0.7127599999999998 0.40222399999999997 0.07239579999999997 0.16682099999999997
1 0.855729 0.431881 0.0875 0.17608900000000002
1 0.8489579999999999 0.304912 0.05624999999999988 0.1038
1 0.226302 0.43836900000000006 0.07239580000000002 0.3021320000000001
1 0.0791667 0.435125 0.061458299999999993 0.1547730000000001
1 0.631771 0.5047539341983318 0.09791669791666666 0.1550128730305839
1 0.804427 0.357275 0.06822920000000003 0.11955499999999994
1 0.6208329999999999 0.42215 0.07395829999999996 0.12511600000000003
1 0.938542 0.409639 0.08333330000000008 0.16125999999999993
1 0.829427 0.6038 0.13072900000000007 0.19925900000000007
1 0.364323 0.42076 0.07343750000000006 0.15384599999999996
1 0.389583 0.7932061538461539 0.184375 0.3364230027803522
1 0.889583 0.797961 0.1489579999999999 0.296571
1 0.29349 0.629286 0.0963542 0.22984200000000007
1 0.7614579999999999 0.490732 0.10208300000000001 0.19555099999999995
1 0.18776 0.520389 0.08177079999999996 0.317887
1 0.21328099999999997 0.7924 0.172396 0.31325299999999995
1 0.721875 0.799815 0.19166699999999998 0.3095459999999999
1 0.2651484375 0.31006719184430026 0.05506666666666667 0.1369128822984245
1 0.4367596354166667 0.50201343836886 0.10560677083333332 0.1744958294717331
1 0.45109192708333334 0.4140939017608897 0.09202864583333333 0.1677849860982391
1 0.5902667161458334 0.31812094531974044 0.03696240104166667 0.10469786839666358
1 0.7773416666666667 0.31208063021316035 0.05506666666666667 0.11140871177015754
1 0.18652240104166667 0.32689534291010197 0.04823853125 0.11587937905468026
1 0.6202673229166666 0.3590843466172382 0.06994610416666666 0.14020016682113068
