1 0.236321 0.30848899999999996 0.08149009999999998 0.202899
2 0.164726 0.819876 0.21070999999999998 0.34782599999999997
1 0.362049 0.7225670000000001 0.16065200000000004 0.318841
1 0.5023280000000001 0.45445099999999994 0.12223500000000007 0.24637699999999993
1 0.895809 0.326087 0.07566939999999998 0.16770200000000002
2 0.430151 0.362319 0.07334110000000002 0.1614909999999999
1 0.8544820000000001 0.5973089999999999 0.153667 0.45341600000000004
1 0.929569 0.47826100000000005 0.12921999999999992 0.17391300000000004
1 0.3348189755529685 0.29113951345755695 0.06227823050058207 0.16033699792960662
1 0.6601470896391152 0.23259420289855073 0.04507718277066356 0.11708902691511387
1 0.7037417811408615 0.2779534161490683 0.07295415599534343 0.14451552795031056
