1 0.181873 0.47234 0.10097299999999998 0.17446800000000004
1 0.6058390000000001 0.309574 0.06812649999999998 0.12127699999999998
1 0.613139 0.4010639999999999 0.0778589000000001 0.18936200000000003
1 0.124696 0.788298 0.14963500000000002 0.26595699999999994
1 0.782238 0.44361699999999993 0.08272509999999995 0.18085099999999998
1 0.220803 0.597872 0.0985401 0.221277
1 0.551095 0.498936 0.10705600000000004 0.18085100000000004
1 0.0900243 0.608511 0.12408799999999999 0.23404299999999997
1 0.24329257907542579 0.2771808510638298 0.05372384428223845 0.10067234042553191
1 0.26439841849148416 0.3161074468085106 0.06370194647201946 0.11409574468085107
1 0.33884489051094885 0.30536914893617023 0.04681630170316301 0.1060404255319149
1 0.15004318734793187 0.38389255319148935 0.06063138686131387 0.14496808510638298
1 0.14045000000000002 0.3194627659574468 0.07060802919708029 0.12080638297872341
1 0.06298540145985401 0.4978539680851064 0.08179805352798053 0.18884099999999998
