1 0.08670217128642503 0.6309444214876033 0.1179958564321251 0.3032118388429752
1 0.942786 0.333161 0.0774698 0.125
1 0.6460549999999999 0.22994867252066117 0.07107319829424306 0.13943955578512396
1 0.379531 0.83781 0.23169900000000002 0.31611600000000006
1 0.9360340014214641 0.6067752272727273 0.12793199715707176 0.48066454545454546
1 0.7569299999999999 0.282541 0.08386639999999992 0.15186000000000002
1 0.654584 0.676653 0.15351800000000015 0.3326450000000001
1 0.710021 0.295455 0.08244490000000006 0.15702499999999994
1 0.886283 0.353306 0.06680879999999997 0.15289299999999995
1 0.5753379957356076 0.474483285123967 0.12153499644633974 0.21281
1 0.38983699999999993 0.37758300000000006 0.12580000000000002 0.20764499999999994
1 0.595593 0.250517 0.0682303 0.129132
1 0.515991 0.7453509999999999 0.16062500000000007 0.29235499999999986
1 0.360697 0.5397730000000001 0.12153500000000006 0.27376
1 0.49538 0.5087810000000001 0.12224599999999994 0.22004099999999993
1 0.5445153731343283 0.29545499999999997 0.08509884861407249 0.22313999999999998
1 0.17199699999999998 0.44059899999999996 0.10660999999999998 0.20144599999999996
1 0.211798 0.32593 0.06823029999999998 0.14979299999999995
1 0.8432839999999999 0.370351 0.07889130000000003 0.16632199999999997
1 0.22281499999999999 0.610537 0.11016299999999997 0.26033100000000003
1 0.452026 0.342975 0.08102350000000001 0.20247899999999994
1 0.280739 0.405992 0.10518799999999998 0.19008299999999997
1 0.11656 0.36312 0.07249470000000002 0.13533099999999998
1 0.29246600000000006 0.305785 0.08884150000000002 0.16528900000000002
1 0.7641751954513148 0.4187923553719008 0.1006588486140725 0.17181198347107438
1 0.7503232658137882 0.6154363584710744 0.14867922530206112 0.2939594938016529
1 0.13041257995735608 0.29470679752066115 0.0718500355366027 0.10872690082644629
1 0.17519616204690833 0.27682385330578513 0.04921250888415068 0.1359080785123967
