1 0.7716819999999999 0.263875 0.06060610000000001 0.134372
1 0.32209999999999994 0.4907500000000001 0.09561129999999998 0.16942600000000005
1 0.0532915 0.706427 0.0647858 0.49172300000000013
1 0.711076 0.3719569999999999 0.06896549999999999 0.16358300000000003
1 0.6893939999999998 0.324732 0.04545449999999994 0.11976600000000001
1 0.450627 0.38412900000000005 0.10397100000000006 0.14897799999999994
1 0.119383 0.5900679999999999 0.09665619999999998 0.397274
1 0.6314000000000001 0.489776 0.09770110000000011 0.13047699999999995
1 0.590125 0.288218 0.06635320000000006 0.09347609999999996
1 0.0710554 0.4152870000000001 0.0783699 0.14118799999999998
1 0.8061650000000001 0.331061 0.06478580000000012 0.11100299999999996
1 0.856061 0.408958 0.08620690000000013 0.19668899999999997
1 0.8288292319749218 0.5939630038948394 0.13479599791013586 0.21616400194741967
1 0.619645 0.389971 0.08150469999999992 0.13534599999999994
1 0.937827 0.382668 0.08254960000000001 0.14410900000000004
1 0.43652 0.484421 0.109195 0.1684520000000001
1 0.182341 0.508763 0.08881919999999999 0.3222979999999999
1 0.89185 0.790166 0.15464999999999998 0.30671899999999996
1 0.722048 0.8081790000000001 0.19435700000000009 0.28237599999999996
1 0.765152 0.459104 0.09979099999999992 0.20350499999999996
1 0.391066 0.796008 0.16666700000000004 0.32035100000000005
1 0.289707 0.614411 0.09456640000000004 0.23174300000000006
1 0.21107599999999999 0.790652 0.17972799999999997 0.32132399999999994
1 0.41521354754440964 0.5959730671859786 0.11739783699059561 0.2577182862706913
1 0.665133751306165 0.27785220058422594 0.04681504702194357 0.10738225900681597
1 0.894167711598746 0.32214780915287244 0.06266039707419017 0.11812112950340799
1 0.26180433646812956 0.2812078870496592 0.05401724137931034 0.13557059396299903
1 0.35723486677115984 0.3892617137293086 0.05617819749216301 0.14228194741966893
1 0.46238871473354237 0.3288588753651412 0.07202298850574713 0.12885868549172347
1 0.6141032471264367 0.3390557935735151 0.08136845872518286 0.11158798442064265
1 0.8447756295715778 0.2696711635832522 0.063713223615465 0.13018639727361245
1 0.19075580459770114 0.28040068159688414 0.049895914315569494 0.13161733203505355
