2 0.287004 0.332627 0.07340550000000003 0.09745760000000005
2 0.24969900000000003 0.6345339999999999 0.155235 0.16313600000000006
2 0.618532 0.331568 0.06498200000000015 0.10381399999999998
2 0.257521 0.288136 0.05294829999999997 0.08898309999999997
2 0.45006 0.549788 0.12515000000000004 0.20127100000000006
2 0.626354 0.42267 0.07581229999999994 0.14618600000000004
2 0.926594 0.548729 0.10108300000000008 0.169492
2 0.301444 0.772246 0.16967500000000002 0.24364399999999994
2 0.55716 0.34851699999999997 0.0770156 0.12076299999999994
1 0.365223 0.323093 0.05415159999999995 0.08686439999999993
1 0.160048 0.34004199999999996 0.08664260000000003 0.11228800000000004
1 0.330927 0.28178 0.057761700000000034 0.0889831
2 0.706378 0.47351699999999997 0.09626960000000005 0.15466100000000005
1 0.323706 0.382415 0.07942240000000003 0.11652499999999999
2 0.11809140192539111 0.8125 0.15764099879663057 0.23940699152542375
1 0.477136 0.42055099999999995 0.08784600000000006 0.13771200000000008
2 0.8441639999999999 0.6726690000000001 0.1143200000000001 0.362288
1 0.501203 0.309322 0.07340550000000003 0.08474580000000001
2 0.163057 0.40254199999999996 0.09265940000000002 0.11864399999999999
1 0.44945799999999997 0.268008 0.056558399999999946 0.0911017
1 0.0697954 0.407839 0.0914561 0.15042400000000003
2 0.415162 0.36017000000000005 0.08664260000000003 0.11864399999999999
2 0.555957 0.7595339999999999 0.13237099999999996 0.46398300000000003
2 0.37485 0.440678 0.10469300000000001 0.16101699999999994
2 0.7876050000000001 0.442797 0.08303250000000018 0.16101699999999994
2 0.6696750000000001 0.6588980000000001 0.11672700000000007 0.21186399999999994
2 0.105897 0.6239410000000001 0.13237100000000002 0.20550800000000005
2 0.078219 0.53072 0.11071 0.14194899999999996
2 0.19735300000000003 0.490466 0.10830300000000001 0.15466100000000005
