1 0.625587 0.297352 0.07511740000000014 0.150713
1 0.554577 0.639511 0.1960089999999999 0.32179200000000013
1 0.48180799999999996 0.297352 0.06924880000000003 0.171079
1 0.164906 0.7932790000000001 0.18662000000000004 0.39307500000000006
1 0.765258 0.37270899999999996 0.10093899999999992 0.167006
1 0.14143200117370894 0.5563322810590631 0.12793400234741784 0.2668019959266802
1 0.668427 0.56721 0.16314600000000004 0.30753600000000003
1 0.697183 0.391039 0.11502300000000013 0.183299
1 0.0569249 0.45519300000000007 0.0974178 0.20977599999999996
2 0.272887 0.5295320000000001 0.15140800000000001 0.27698599999999995
1 0.36560999999999994 0.711813 0.17018799999999998 0.287169
1 0.419601 0.354379 0.09037560000000001 0.167006
1 0.14963781103286383 0.32618053971486766 0.07337611502347417 0.18025806517311607
0 0.5816502347417841 0.1881254378818737 0.03874882629107981 0.11015645621181264
