1 0.346784 0.719588 0.176608 0.3463920000000001
1 0.41754399999999997 0.3561889793814432 0.08187129824561404 0.1700960618556701
1 0.40117 0.486598 0.13099400000000005 0.2680409999999999
1 0.15146200000000004 0.568041 0.155556 0.26597899999999997
1 0.8544917953216375 0.586598 0.1534285964912281 0.492784
1 0.57193 0.31752600000000003 0.0982456000000001 0.169072
1 0.761988 0.380412 0.09473679999999997 0.16288699999999998
1 0.1587623274853801 0.8065453505154638 0.18652966081871344 0.3842247216494845
1 0.1785508888888889 0.4288594226804124 0.11497309941520469 0.19731468041237113
1 0.9178816491228069 0.43422886597938143 0.11954107602339183 0.24563711340206185
