1 0.781962 0.28149 0.07647399999999992 0.142388
1 0.707823 0.449069 0.13134899999999988 0.249726
1 0.8561 0.35432600000000003 0.10566300000000006 0.16319800000000007
1 0.044658500000000004 0.334611 0.0881494 0.17196100000000003
1 0.481319 0.234392 0.053123200000000016 0.11829099999999998
1 0.06071220000000001 0.558598 0.11675400000000001 0.27163200000000004
1 0.9054289999999999 0.343374 0.07589029999999997 0.145674
1 0.291594 0.309967 0.07180390000000007 0.13800700000000002
1 0.39988300000000004 0.668675 0.14243999999999996 0.318729
1 0.941331 0.464951 0.11383499999999995 0.2267250000000001
1 0.158786 0.5065720000000001 0.122592 0.24425000000000005
1 0.2978962434325745 0.4893681763417306 0.11822492119089317 0.24489234392113912
1 0.07968480000000001 0.7705370000000001 0.15820200000000004 0.3822559999999999
1 0.2282606538237011 0.6592826560788609 0.16191885580852308 0.3164557831325301
