2 0.428913 0.359667 0.07407410000000006 0.12473999999999996
2 0.4952210000000001 0.418919 0.06810040000000005 0.13513499999999998
1 0.334528 0.285863 0.0477897000000001 0.07276510000000001
1 0.61828 0.31600799999999996 0.051374000000000024 0.13305599999999995
1 0.139785 0.300416 0.047789699999999984 0.10187100000000002
1 0.459379 0.274428 0.05615289999999994 0.08316009999999997
2 0.124851 0.805613 0.168459 0.230769
2 0.934289 0.551975 0.10035799999999998 0.17255699999999996
1 0.2952753703703703 0.34041785862785867 0.06810039426523298 0.09455771309771309
2 0.38172 0.446985 0.10155300000000002 0.15384600000000004
1 0.7108719999999998 0.3950099999999999 0.07885300000000012 0.10810799999999998
2 0.565113 0.35447 0.07646360000000009 0.10602900000000003
1 0.169056 0.343035 0.08482679999999998 0.11226599999999994
2 0.312425 0.77027 0.170848 0.23492699999999989
1 0.8488649999999999 0.650728 0.11350100000000007 0.37422
2 0.7921149999999999 0.44282699999999997 0.08602149999999995 0.15800399999999992
2 0.333931 0.380457 0.08482679999999997 0.116424
2 0.17443299999999998 0.403326 0.09080049999999999 0.11642399999999994
1 0.366189 0.314969 0.05376339999999998 0.09771310000000004
2 0.506571 0.317048 0.06690559999999995 0.09355510000000003
1 0.2676219952210275 0.29184223492723493 0.052568697729988054 0.08731810810810811
2 0.11409799999999999 0.620582 0.142174 0.2266110000000001
2 0.632616 0.41476100000000005 0.0824373000000001 0.160083
2 0.256272 0.622661 0.14456400000000003 0.15176700000000004
1 0.0812425 0.405405 0.09319 0.15384600000000004
2 0.55914 0.759875 0.13859000000000005 0.467775
2 0.0878136 0.522869 0.10394299999999997 0.15592499999999998
2 0.207288 0.488565 0.11111100000000002 0.15384599999999998
