1 0.66549 0.186543 0.07057160000000003 0.10831499999999998
1 0.384615 0.23523000000000002 0.08327450000000006 0.14879600000000004
1 0.109033 0.610503 0.131969 0.3129100000000001
1 0.21591660550458713 0.2691470021881838 0.08398019760056456 0.17724299781181618
1 0.389555 0.812363 0.224418 0.3730850000000001
1 0.7741710000000002 0.23468300000000003 0.0790401999999999 0.136761
1 0.941426 0.543217 0.11714900000000017 0.443107
1 0.8486239999999999 0.320569 0.09527170000000003 0.18818400000000002
1 0.7604089999999999 0.6033919999999999 0.18983799999999992 0.29868699999999987
1 0.600565 0.200219 0.05081160000000005 0.12472599999999998
2 0.7180660000000001 0.25601799999999997 0.0980946000000001 0.13347900000000001
1 0.5 0.474289 0.11079699999999995 0.19584200000000002
1 0.278052 0.375274 0.08750880000000003 0.194748
1 0.36415 0.4994529999999999 0.11432599999999998 0.265864
1 0.183839 0.4020790000000001 0.0938603 0.198031
1 0.296754 0.249453 0.08539169999999996 0.16411400000000004
1 0.5688339167254763 0.42348974835886216 0.1038964855328158 0.22684601750547045
2 0.2277066549047283 0.572483227571116 0.10389649964714184 0.2751677680525164
1 0.7697004904728298 0.3771811378555799 0.10562795342272407 0.21744980306345735
1 0.92857586450247 0.2885902625820569 0.07012985179957656 0.17986542669584243
1 0.6505613973182781 0.6344781181619256 0.16241002117148906 0.36194529540481396
1 0.5209103740296401 0.7467812144420132 0.18178828510938602 0.33476374179431073
