1 0.386858 0.268088 0.04898910000000001 0.11240300000000003
1 0.7943240000000001 0.463824 0.09097980000000001 0.16795899999999994
1 0.6582430000000001 0.7015499999999999 0.16096400000000013 0.5658909999999999
1 0.505832 0.43087900000000007 0.09409019999999996 0.19767399999999996
1 0.39930000000000004 0.4155937919896641 0.06298600311041991 0.16452058139534884
1 0.235225 0.5103359999999999 0.08475890000000003 0.31524499999999994
1 0.27527199844479006 0.3105573514211887 0.04976670295489891 0.11181571059431525
1 0.06999954121306376 0.681525 0.13838332814930016 0.47416
1 0.353033 0.299742 0.054432299999999996 0.12403100000000002
1 0.747278 0.344315 0.054432299999999996 0.13307499999999994
1 0.39142000777604974 0.6886419573643411 0.16075701399688958 0.27909192506459946
1 0.307154 0.348837 0.08242610000000004 0.14728700000000003
1 0.456843 0.539406 0.12519400000000008 0.24418599999999996
1 0.7049582776049766 0.4198970025839793 0.07530843701399689 0.19121400516795867
1 0.26633 0.73062 0.154743 0.533592
1 0.44634499999999994 0.347545 0.07309489999999999 0.144703
1 0.8402019999999999 0.75 0.15474300000000002 0.39147299999999996
1 0.16018699844479004 0.5601909237726098 0.1181960031104199 0.3400208397932817
1 0.354977 0.514212 0.08786939999999997 0.20154999999999995
1 0.556661632970451 0.2804004069767442 0.050801150855365476 0.13733872093023256
1 0.4787379471228616 0.3204580103359173 0.04649611197511664 0.13161627906976744
1 0.7706298600311042 0.41416343669250644 0.06543856920684292 0.13304780361757107
