1 0.18551199999999998 0.423469 0.11189599999999998 0.17755100000000004
1 0.7720453828032979 0.27284965306122444 0.07891639575971732 0.134694
1 0.3203770000000001 0.37448999999999993 0.08951710000000002 0.20204100000000005
1 0.371614 0.709184 0.17550100000000005 0.32448999999999995
1 0.2661960011778563 0.5137735714285715 0.11542999999999999 0.28468914285714286
1 0.08598349999999999 0.338776 0.0918728 0.17550999999999997
1 0.327444 0.294898 0.08244989999999999 0.120408
1 0.17844499999999996 0.329592 0.09305069999999999 0.17346899999999996
1 0.670789 0.557143 0.16136599999999984 0.2857140000000001
2 0.938751 0.4612240000000001 0.12249700000000001 0.17959200000000006
1 0.9140160000000002 0.333673 0.08716140000000007 0.14081600000000008
1 0.394582 0.464286 0.11543000000000006 0.2632650000000001
1 0.863369 0.582653 0.15076599999999996 0.471429
1 0.14311 0.554082 0.144876 0.24693900000000002
1 0.4299180000000001 0.359184 0.0706713999999999 0.16326500000000002
1 0.7087165135453474 0.39285701020408165 0.12650301531213193 0.17346899999999998
1 0.6681666666666667 0.23364945918367347 0.05053121319199058 0.11076014285714285
1 0.07348527679623086 0.4477826530612245 0.11064075382803298 0.2289
