1 0.40342743574766354 0.4847046421267894 0.11993886682242991 0.25
1 0.320093 0.298569 0.08644860000000003 0.134969
1 0.7679985105140188 0.2811860122699386 0.08739851635514019 0.1329240081799591
1 0.621495 0.259714 0.05607479999999993 0.09406950000000004
1 0.710864 0.291411 0.06191590000000007 0.116564
1 0.42358867990654203 0.3701429959100204 0.08082156542056075 0.16359899795501023
2 0.650117 0.320041 0.08294390000000017 0.11247399999999995
1 0.6758179999999999 0.592025 0.13668199999999994 0.2678940000000001
1 0.6939827219626168 0.41396490797546015 0.12371754672897196 0.15308282208588958
1 0.316589 0.417178 0.10981299999999991 0.130879
1 0.8621499999999999 0.600205 0.15887899999999994 0.43558300000000005
1 0.14252299999999998 0.56953 0.16355099999999997 0.27607399999999993
1 0.0665888 0.461145 0.102804 0.21063400000000004
1 0.272286956775701 0.5316970040899794 0.11466690420560748 0.24539899795501025
1 0.772196 0.38957100000000006 0.10981299999999995 0.15746400000000002
1 0.561332 0.650307 0.17873800000000006 0.319018
1 0.3773360046728972 0.7291421165644172 0.1705610046728972 0.28855122699386504
1 0.49182200000000004 0.44171799999999994 0.10514000000000001 0.23312899999999998
1 0.165304 0.836401 0.21144899999999997 0.32310799999999995
1 0.48328271028037384 0.2695143149284253 0.04097663551401869 0.11286912065439672
1 0.6625549065420562 0.2426165644171779 0.046399532710280376 0.08860736196319019
2 0.9180560747663551 0.3591768916155419 0.03916822429906542 0.12341717791411043
