1 0.8003799999999999 0.58512 0.10418299999999989 0.1992430000000001
1 0.43536099999999994 0.368852 0.0707224 0.13745299999999996
1 0.10532299999999999 0.460277 0.07984789999999999 0.209332
1 0.675665 0.551072 0.13155899999999993 0.23203000000000001
1 0.6847415513307985 0.803909003783102 0.140684 0.36948300126103406
2 0.387452 0.761034 0.12091300000000006 0.45271099999999986
1 0.168061 0.492434 0.12623599999999996 0.20302600000000007
1 0.232319 0.41803300000000004 0.07224329999999998 0.14249699999999998
1 0.347148 0.303279 0.0585551 0.12736400000000003
1 0.8277569999999999 0.704918 0.1543730000000001 0.32534700000000005
1 0.351711 0.502522 0.09505699999999996 0.22320300000000007
1 0.435741 0.527112 0.0927757 0.16897899999999996
1 0.258935 0.749054 0.14068400000000003 0.47414899999999993
1 0.07224329999999998 0.720681 0.13840299999999997 0.42496800000000007
1 0.30266200000000004 0.356242 0.08212929999999995 0.14249699999999993
1 0.5152159695817491 0.36241614123581334 0.08661140684410647 0.2765094577553594
1 0.3788235741444867 0.2659071941992434 0.04209125475285171 0.1291298234552333
1 0.7285068441064638 0.3469798234552333 0.050186311787072245 0.13557124842370744
1 0.7566060836501901 0.40271815889029006 0.06384182509505704 0.15593820933165195
