1 0.458594 0.342684 0.05703130000000005 0.12888600000000008
1 0.664844 0.632676 0.11406299999999998 0.3464749999999999
1 0.507227 0.716452 0.15585899999999997 0.518575
1 0.278125 0.401061 0.06796869999999999 0.18650500000000003
1 0.5 0.42532200000000003 0.071875 0.2001520000000001
1 0.707227 0.43176600000000004 0.06757809999999989 0.16300200000000004
1 0.8277339999999999 0.527672 0.1070310000000001 0.18347200000000005
1 0.57832 0.46853700000000004 0.10273400000000014 0.22592900000000002
1 0.31367200000000006 0.48180399999999995 0.09062499999999996 0.22517099999999998
1 0.196875 0.48824899999999993 0.08515620000000004 0.21379800000000007
1 0.765234 0.530326 0.11093700000000002 0.22668700000000006
1 0.36894499999999997 0.7253216451857468 0.130859 0.5178821986353298
1 0.37480499999999994 0.392722 0.06914059999999997 0.15466299999999997
1 0.4267580000000001 0.482183 0.09101559999999997 0.197119
1 0.23457 0.714177 0.135547 0.4867319999999999
1 0.4203943359375001 0.3095993176648976 0.037501171875 0.09599166034874905
1 0.5196194335937501 0.34113475360121304 0.0555431640625 0.11773049279757392
1 0.14981992187499998 0.320567407126611 0.058466406250000005 0.38014191053828655
1 0.48271230468750004 0.30851050796057616 0.037272265625 0.09787208491281273
1 0.20170876367187499 0.39716294162244126 0.08623783984375 0.17021240333586052
1 0.23715390429687502 0.30283689916603485 0.050427339843749995 0.12340429112964367
1 0.24914045312500002 0.34620902577710383 0.04717465625 0.14020059893858983
1 0.5450870507812501 0.3118739727065959 0.0434889453125 0.09155910538286581
1 0.393981162109375 0.2753934040940106 0.039066582031250005 0.09585125094768765
1 0.36670820312499997 0.25107288855193327 0.043489062499999995 0.08440615617892343
