1 0.551205 0.378151 0.0710843000000001 0.197479
1 0.19096400602409638 0.4853838340336134 0.109639 0.16806699579831932
1 0.6668669939759035 0.762940199579832 0.119277 0.4712583823529412
1 0.374699 0.432773 0.09638550000000004 0.15966399999999997
1 0.168072 0.3960080000000001 0.0638554 0.13235299999999992
1 0.929518 0.533613 0.10000000000000013 0.18067200000000003
1 0.44879500000000005 0.653361 0.09759039999999997 0.445378
1 0.471687 0.4254200000000001 0.09277110000000009 0.144958
1 0.242169 0.616597 0.115663 0.21638699999999983
1 0.625904 0.413866 0.07831330000000002 0.15966400000000003
1 0.358434 0.315126 0.05662650000000002 0.10504199999999998
1 0.283735 0.327731 0.073494 0.113445
1 0.69759 0.531513 0.09397590000000001 0.28151300000000007
1 0.318675 0.384454 0.08554220000000005 0.12605000000000005
1 0.8397590000000001 0.6617649999999999 0.11566300000000007 0.34033599999999997
1 0.0650602 0.412815 0.09638549999999999 0.14915999999999993
1 0.49879500000000004 0.314076 0.06506020000000004 0.0861345
1 0.7879520000000001 0.445378 0.08915659999999993 0.16806699999999997
1 0.45241 0.27205900000000005 0.054216900000000054 0.0945378
1 0.07168669999999999 0.529412 0.10241 0.14705900000000002
1 0.413855 0.359244 0.07108429999999996 0.142857
1 0.303012 0.772059 0.15301200000000006 0.25
1 0.25480060240963853 0.2953014705882353 0.047726506024096386 0.09396008403361344
1 0.5570847530120482 0.7618025210084034 0.12963049397590362 0.47353361344537814
1 0.08614759036144579 0.6244632668067226 0.0968132530120482 0.2217458613445378
1 0.13537409638554218 0.3018596113445378 0.045945783132530116 0.11444884453781512
