1 0.288718 0.2443 0.07708479999999995 0.16721
1 0.12873619831814995 0.23669900108577632 0.06826470217238963 0.11726399565689469
1 0.7526280000000001 0.22204100000000002 0.07568329999999986 0.14875099999999997
1 0.9281709999999999 0.280673 0.09600560000000005 0.163952
1 0.517519 0.712269 0.161878 0.327904
1 0.9351790000000001 0.5363730000000001 0.12824100000000008 0.4234530000000001
1 0.650315 0.641151 0.15416999999999983 0.355049
1 0.492292 0.465798 0.12123300000000002 0.20846900000000002
1 0.878416 0.302932 0.0735809000000001 0.16069500000000006
1 0.09460409999999998 0.640065 0.0981079 0.2573289999999999
1 0.217239 0.288274 0.067274 0.15309399999999995
1 0.0434478 0.694354 0.0868956 0.20521200000000006
1 0.5927004204625088 0.19489699782844733 0.0655682410651717 0.13355
1 0.224247 0.584148 0.11492600000000003 0.2519
1 0.8332169999999999 0.31596099999999994 0.07848629999999998 0.18240999999999993
1 0.7389630028030835 0.5964696308360478 0.14646100210231255 0.28088625407166123
1 0.38157 0.8094459999999999 0.23195500000000002 0.3767639999999999
1 0.380168 0.325733 0.10581600000000001 0.21715499999999996
1 0.4516470000000001 0.294788 0.07918709999999993 0.20521200000000006
1 0.5666255536089699 0.433225 0.10732210932025228 0.19761099891422368
2 0.12999300000000003 0.314332 0.09320250000000002 0.12486399999999996
1 0.70883 0.245385 0.10161199999999998 0.16721000000000005
1 0.3637 0.510858 0.11772899999999996 0.261672
1 0.5466009999999999 0.258958 0.09950949999999995 0.21389800000000003
1 0.18185 0.416395 0.111423 0.1704670000000001
1 0.286265 0.369707 0.0974071 0.181325
1 0.17837240364400841 0.23020086862106404 0.0538914926419061 0.12214766558089034
1 0.7599033496846532 0.39914188382193266 0.10156681149264192 0.25465
