1 0.689422 0.331061 0.0437727999999999 0.12463499999999993
1 0.76394 0.47224900000000003 0.10943199999999999 0.19668900000000003
1 0.664409 0.281889 0.047941599999999904 0.108082
2 0.9418970000000001 0.391918 0.07243360000000006 0.13924099999999998
1 0.11959399999999999 0.583739 0.09119329999999999 0.37098300000000006
1 0.806149 0.336417 0.06670139999999991 0.11392400000000001
1 0.84888 0.27702000000000004 0.05627929999999996 0.10613399999999999
1 0.439291 0.474197 0.09067219999999998 0.19474199999999997
1 0.853048 0.395813 0.07816570000000003 0.16455699999999995
1 0.617249 0.345667 0.08285570000000013 0.10516099999999998
1 0.685774 0.602726 0.113601 0.20837400000000003
1 0.5883270000000002 0.288218 0.06044819999999991 0.11100299999999999
1 0.07269409999999998 0.42307700000000004 0.0713914 0.14118799999999998
0 0.14617 0.346641 0.06722250000000002 0.13631899999999997
1 0.325951 0.517527 0.0891089 0.16455700000000006
1 0.6388739999999999 0.49756599999999995 0.11255900000000006 0.13826699999999997
1 0.35982299999999995 0.396787 0.0724336 0.13924099999999998
1 0.6198540000000001 0.394352 0.08181339999999988 0.13437200000000005
1 0.8908289999999999 0.796982 0.15268400000000004 0.30282400000000004
1 0.180042 0.516553 0.0807712 0.30477100000000007
1 0.834028 0.607595 0.11620600000000007 0.19279499999999997
1 0.23580000000000004 0.797955 0.159979 0.29503399999999996
1 0.2907759999999999 0.617819 0.09900989999999998 0.2366109999999999
1 0.721991 0.8130479999999999 0.19333 0.28237599999999996
1 0.711569 0.381694 0.0682647 0.16747800000000002
1 0.4141318212610735 0.6013421811100292 0.11565499218342888 0.24966422590068163
1 0.44358415841584153 0.3966443281402142 0.08835747785304846 0.17046986368062317
1 0.9198538301198541 0.4778519961051606 0.10559822824387702 0.17449659201557935
1 0.7686400729546639 0.2691273028237585 0.058904950495049506 0.14093916260954234
1 0.8121004012506514 0.2597317429406037 0.04812993225638353 0.10067088607594936
1 0.22440072954663887 0.35021129503407983 0.07959874934861907 0.14556962025316456
1 0.2656115164147994 0.28639240506329117 0.053630536737884316 0.1360759493670886
1 0.8946372563835331 0.3326179211295034 0.06507857738405419 0.13018577409931842
1 0.3831972381448671 0.7868383641674782 0.12939082855653986 0.35479259980525807
1 0.18604768108389785 0.2968524829600779 0.045937988535695674 0.11588023369036027
