1 0.4103049961832061 0.4201158109833972 0.07709919847328243 0.18122761174968072
1 0.5347330000000001 0.3678159999999999 0.0709924 0.14303999999999994
1 0.371374 0.773946 0.17022899999999994 0.439336
1 0.7160310000000001 0.763091 0.13893099999999997 0.430396
1 0.279008 0.761814 0.14274799999999996 0.4763730000000001
1 0.250382 0.411877 0.09465650000000002 0.15453400000000003
1 0.1935754923664122 0.4071386717752235 0.0848602824427481 0.17570835249042147
1 0.07709919999999999 0.7088119999999999 0.12824399999999997 0.503193
1 0.784351 0.457216 0.08015269999999992 0.20945099999999994
1 0.8511449999999999 0.724777 0.1526719999999999 0.312899
1 0.16603099999999998 0.502554 0.115267 0.18518499999999996
1 0.8133589999999999 0.561303 0.08931299999999995 0.17241400000000007
1 0.35305299999999995 0.319285 0.07099239999999996 0.11749699999999999
1 0.492366 0.431673 0.10686999999999988 0.15581100000000003
1 0.682061 0.551086 0.12595400000000007 0.19795699999999988
1 0.7122922099236642 0.47353374201787996 0.08379878625954199 0.18311897828863347
1 0.2616582938931298 0.3612303384418901 0.04788493893129771 0.12732476372924648
1 0.0371967251908397 0.5708154533844189 0.0709723358778626 0.2317586206896552
