1 0.7949849999999999 0.185933 0.05162239999999995 0.11559900000000001
2 0.4532932448377581 0.7534364066852367 0.16469849557522126 0.4541301949860724
2 0.209808 0.777855 0.170354 0.4247909999999998
1 0.7035400036873157 0.2408222980501393 0.0870207005899705 0.1757374094707521
2 0.46570800000000007 0.5285520000000001 0.14528000000000002 0.25766
2 0.605457 0.303621 0.0648968000000001 0.10306400000000004
2 0.3259589970501475 0.4274192548746518 0.103245 0.2949505153203343
1 0.578171 0.197075 0.05162240000000012 0.10445700000000004
1 0.82854 0.24025100000000002 0.07448380000000007 0.168524
1 0.886799 0.308496 0.0774336 0.13788299999999995
2 0.24963100294985252 0.581295348189415 0.140855 0.30816030640668524
2 0.650074 0.5167129999999999 0.11578200000000011 0.19220100000000007
2 0.637906 0.360028 0.11651900000000003 0.168524
2 0.15708 0.399025 0.116519 0.22144799999999995
2 0.0479351 0.557799 0.0943953 0.22144800000000006
2 0.514976401179941 0.22943036211699164 0.06702507374631268 0.09177158774373259
1 0.915730825958702 0.39662458913649024 0.12455457227138642 0.24472550139275764
1 0.4923841629793511 0.3169782938718663 0.09567267699115044 0.2009347771587744
