1 0.297917 0.29902 0.07395830000000006 0.15686299999999995
1 0.715104 0.292157 0.06770830000000008 0.14509799999999998
1 0.695052 0.4236598235294117 0.0984375 0.24339764705882352
2 0.482292 0.237255 0.065625 0.127451
1 0.052864600000000005 0.54951 0.104687 0.26372499999999993
1 0.6022282916666666 0.3487215931372549 0.10237358333333332 0.2143208137254902
1 0.35208300000000003 0.375 0.08750000000000006 0.1892160000000001
2 0.24036500000000002 0.387745 0.0786458 0.19313700000000003
1 0.525781 0.59902 0.15989600000000007 0.3137259999999999
1 0.24475210937499997 0.6816764509803922 0.22612078125 0.4594319019607843
2 0.30208299999999993 0.4843140000000001 0.10729199999999996 0.23725500000000002
1 0.933854 0.46470600000000006 0.11458300000000013 0.24705900000000006
2 0.405729 0.48480400000000007 0.11875 0.1931370000000001
1 0.14174270052083332 0.46280398039215687 0.129962515625 0.4334763529411764
1 0.9758583333333334 0.46351911764705883 0.04712083333333333 0.20886960784313724
2 0.5175697083333334 0.21173124999999998 0.03192066666666667 0.07439240196078432
