1 0.9446291486392184 0.17316799714557565 0.10934569434752268 0.2930539961941009
1 0.408234 0.15889599999999998 0.08653180000000002 0.25309199999999993
1 0.24529000000000004 0.17293205994291153 0.12910000000000002 0.3430028829686014
1 0.09809092812281926 0.24613582302568984 0.12081585484996511 0.24797634633682206
1 0.8091419999999999 0.278782 0.12491300000000014 0.287345
1 0.5038379999999999 0.437203 0.259595 0.311132
1 0.370551 0.7530919999999999 0.279135 0.4747859999999999
1 0.8677599999999999 0.584206 0.2463360000000001 0.395814
1 0.9305649999999999 0.365366 0.13887000000000002 0.24357799999999993
1 0.347872 0.149382 0.09002089999999996 0.178877
1 0.676553 0.514748 0.200279 0.306375
1 0.233426 0.606565 0.239358 0.35870599999999997
1 0.11514300000000001 0.5156990000000001 0.174459 0.3577550000000001
1 0.6755059999999999 0.27783100000000005 0.16050199999999992 0.27783100000000005
1 0.46371199999999996 0.26593700000000003 0.1486389999999999 0.48049500000000006
1 0.16525680390788555 0.2460661274976213 0.1542400558269365 0.22603710751665082
1 0.5896789951151431 0.10371931493815414 0.10702302861130496 0.20171646051379638
