1 0.660008 0.829313 0.17489600000000002 0.26481399999999994
1 0.65115 0.410855 0.08556349999999989 0.17986399999999997
1 0.565775 0.4061350000000001 0.06558609999999995 0.19244900000000004
1 0.4994350000000001 0.7881489999999999 0.147757 0.27477700000000005
1 0.730871 0.30860000000000004 0.07463250000000005 0.15574200000000005
1 0.3744819996230682 0.7385614105925538 0.1496420015077271 0.3182358259045621
1 0.833208 0.517567 0.09084060000000001 0.205558
1 0.0944214 0.866807 0.18432 0.26428900000000005
1 0.931964 0.5453589999999999 0.12024100000000004 0.22024100000000002
1 0.88824 0.68301 0.17678100000000013 0.288936
1 0.955334 0.392763 0.08933279999999993 0.188778
1 0.512816 0.60881 0.11873400000000005 0.1709490000000001
1 0.760837 0.644992 0.133057 0.264289
