1 0.28812757714285714 0.3242751619433198 0.05739885714285714 0.08984631578947368
1 0.3017140057142857 0.2429771356275304 0.059428605714285716 0.1511903036437247
1 0.157714 0.339069 0.0617143 0.09919029999999994
1 0.0628571 0.51417 0.11657099999999998 0.19028300000000004
1 0.592571 0.470648 0.08342859999999999 0.36639700000000003
1 0.9160809828571429 0.6008517510121457 0.15869602285714285 0.2624315182186235
1 0.505714 0.537449 0.11542900000000002 0.43927099999999997
1 0.3537139999999999 0.284413 0.056000000000000064 0.11133600000000002
1 0.11257099999999999 0.387652 0.09714289999999999 0.12753000000000006
2 0.688 0.6973679999999999 0.221714 0.3583
1 0.22228599999999998 0.427126 0.10171400000000004 0.16194299999999995
1 0.141143 0.5397405870445344 0.16342899428571428 0.19689016194331985
1 0.8981905085714286 0.7834010020242915 0.19676197714285715 0.412955
1 0.393714 0.3896760000000001 0.09257139999999994 0.15586999999999993
1 0.848 0.421053 0.08457139999999994 0.17003999999999997
1 0.296 0.701417 0.16228600000000007 0.5283399999999999
2 0.22615181714285712 0.36552170040485826 0.09369106285714286 0.12446445344129554
1 0.624744 0.3311870647773279 0.047652571428571426 0.12160157894736842
