0 0.8454730000000001 0.728599 0.11134200000000007 0.282101
0 0.442248 0.172179 0.037460999999999946 0.0914397
0 0.363163 0.20233499999999996 0.049947999999999985 0.13618699999999995
0 0.891779 0.575875 0.08116550000000006 0.182879
0 0.689906 0.570039 0.08949009999999988 0.43190700000000004
0 0.7866809999999999 0.520428 0.08740900000000011 0.19649800000000003
0 0.8500853277835587 0.4361699805447471 0.06296982310093653 0.1546094552529183
0 0.6133813735691986 0.19787208171206225 0.041726326742976064 0.08652431906614787
0 0.5822762747138397 0.22340466926070038 0.03869198751300729 0.08652529182879377
0 0.6922825182101977 0.23687974708171208 0.04476066597294485 0.09645451361867705
0 0.6528319458896982 0.25744649805447467 0.052348595213319464 0.10638326848249027
