1 0.776851 0.288462 0.06047969999999993 0.13360300000000003
1 0.324818 0.519231 0.09280500000000007 0.16599199999999997
1 0.227059 0.42864399999999997 0.0693431 0.310729
1 0.806309 0.347166 0.06621480000000006 0.11538499999999995
1 0.435349 0.492409 0.104275 0.2135629999999999
1 0.355579 0.412955 0.08133469999999995 0.1558700000000001
1 0.0907195 0.4164979999999999 0.0834202 0.18724700000000008
1 0.8567550182481751 0.4124759210526316 0.07430243482794577 0.16503384615384614
1 0.8216890000000001 0.620951 0.12721599999999997 0.262146
1 0.21298200000000003 0.811741 0.18613100000000002 0.3481779999999999
1 0.7221059999999999 0.826417 0.19499499999999995 0.3188260000000001
1 0.182742 0.524798 0.08602709999999994 0.33501999999999993
1 0.6928923018769552 0.3410325 0.04479308133472367 0.1250002226720648
1 0.6669963503649635 0.29619585020242917 0.04339311783107403 0.10869534412955466
1 0.41818503128258605 0.6168476720647774 0.1154822732012513 0.26630465587044533
1 0.3872611939520333 0.34048620445344124 0.06706155370177268 0.14592232793522267
1 0.474219799270073 0.33333352732793525 0.04937479144942649 0.14878436234817816
1 0.45063790406673615 0.3969954453441296 0.09506517205422316 0.19027226720647775
1 0.8519007299270073 0.28969939271255063 0.054533472367049016 0.11301821862348178
