1 0.5025440000000001 0.42464199999999996 0.06966730000000007 0.2012059999999999
1 0.7405089999999999 0.374152 0.07514679999999993 0.27505700000000005
1 0.273973 0.392238 0.06810179999999999 0.17558399999999993
1 0.5784740000000002 0.46533499999999994 0.09941289999999989 0.22381299999999993
1 0.367515 0.388093 0.061839500000000054 0.15222300000000002
1 0.772211 0.526752 0.12915900000000005 0.23813100000000006
1 0.3722110019569472 0.721745587792012 0.133072 0.5221750037678975
1 0.49587185909980436 0.676714001507159 0.13616671624266144 0.44762599849284096
1 0.8265479178082191 0.5194102863602109 0.11102183953033268 0.19704842501883946
1 0.42172200000000004 0.473248 0.08806260000000002 0.201959
1 0.234638 0.690656 0.14520500000000006 0.519216
1 0.6409293522504893 0.38581544084400904 0.0736700626223092 0.12765924642049736
1 0.4818019569471624 0.30638319517709117 0.0338880626223092 0.09929088168801807
1 0.5182686888454011 0.33758857950263754 0.061146379647749514 0.1163119140919367
1 0.4177091976516634 0.3007093519216277 0.04420195694716243 0.110638568198945
1 0.1786499021526419 0.4914893180105501 0.0729334637964775 0.19716303692539563
1 0.3116242837573386 0.47872343632253206 0.08251040704500978 0.24822758100979656
1 0.2321950136986301 0.2896995666917859 0.051268681017612526 0.13876966842501884
1 0.5435221135029354 0.31545064054257727 0.040866536203522506 0.08726752072343633
1 0.36816840313111543 0.25178833458929917 0.03938025048923679 0.08583704596834967
1 0.39120213307240703 0.2732473662396383 0.03640818003913895 0.10014279577995479
1 0.17832571624266144 0.2904147701582517 0.06241392954990215 0.14592253202712885
