1 0.08767769999999997 0.40405099999999994 0.07582939999999999 0.15991500000000006
1 0.331754 0.38699399999999995 0.08530810000000004 0.1300640000000001
1 0.180095 0.407249 0.07345970000000003 0.140725
1 0.583531 0.764392 0.14099499999999993 0.4626870000000001
1 0.294431 0.33049 0.060426500000000036 0.10661
1 0.709716 0.400853 0.07345969999999999 0.10661
1 0.503555 0.313433 0.05924170000000003 0.10234500000000005
1 0.8507110071090047 0.6650339765458422 0.1113740047393365 0.3492569509594883
1 0.6700240047393365 0.7503576545842217 0.1172990047393365 0.43061518123667375
1 0.11374399999999998 0.623667 0.120853 0.206823
1 0.300355 0.779318 0.16469199999999998 0.270789
1 0.790284 0.459488 0.0853081 0.16844400000000007
1 0.09300950236966825 0.5303374093816632 0.09360189573459715 0.15662479744136462
1 0.126777 0.821962 0.163507 0.2707889999999999
1 0.209716 0.5085289999999999 0.10900500000000002 0.17697199999999993
1 0.564573 0.523454 0.10071099999999995 0.16844400000000007
1 0.39126718009478667 0.4388182302771855 0.07092535545023697 0.1877643923240938
1 0.48974320497630336 0.43723667377398723 0.06271975118483412 0.16772281449893392
