2 0.231431 0.4291069999999999 0.09773259999999999 0.1845459999999999
1 0.721267 0.268942 0.048475400000000037 0.09827460000000002
1 0.7406180000000001 0.51913 0.11219700000000007 0.22355599999999998
1 0.405199 0.54126 0.10516 0.23180800000000004
2 0.650313 0.732558 0.16145400000000004 0.28582099999999994
1 0.38897600000000004 0.291823 0.059421399999999944 0.135034
1 0.751759 0.311703 0.08444100000000002 0.11777899999999997
2 0.696833 0.436609 0.08092260000000007 0.16354099999999996
2 0.0889367 0.773818 0.15129 0.43886
1 0.930023 0.714179 0.13917099999999996 0.3075769999999999
2 0.7947619996090696 0.7170449062265567 0.14542600078186083 0.30430681170292573
1 0.34905846559812354 0.7162467704426106 0.19789507036747458 0.3312195423855964
1 0.795739 0.43698400000000004 0.07623139999999992 0.16279100000000005
1 0.623339 0.5236310000000001 0.148944 0.268567
2 0.28886433541829554 0.36075963990997745 0.06651292415949961 0.12869227306826705
1 0.46502965011727915 0.34493660915228813 0.06593967552775605 0.17299549887471868
1 0.6010908913213449 0.3523207051762941 0.07750703674745896 0.1582273068267067
1 0.6758491458170446 0.3533754951237809 0.06541351446442532 0.151898672168042
0 0.29086089327599685 0.5276594973743436 0.10865689210320562 0.2581558739684921
