1 0.795833 0.43949000000000005 0.07976190000000001 0.15286600000000006
1 0.3 0.324841 0.07619049999999994 0.10191099999999999
1 0.49285699999999993 0.4225050000000001 0.0714286 0.14861999999999995
1 0.338095 0.37685799999999997 0.0857143 0.12951199999999996
1 0.39464299999999997 0.43834489384288744 0.075 0.1760528025477707
1 0.621429 0.319533 0.05952380000000002 0.11677300000000004
1 0.633333 0.421444 0.08809519999999989 0.167728
1 0.2529759999999999 0.611465 0.14404799999999995 0.21656099999999998
1 0.722619 0.47770699999999994 0.09523809999999999 0.1401269999999999
1 0.8578755357142858 0.6202298832271762 0.12114588095238095 0.2574305095541401
1 0.37381 0.31104000000000004 0.05238100000000002 0.10828000000000007
1 0.314881 0.8003402866242039 0.165476 0.2715935668789809
1 0.570238 0.3416178450106157 0.07619050000000001 0.11423267515923567
1 0.180357 0.3980890000000001 0.06785709999999999 0.12101899999999997
1 0.941071 0.5467090000000001 0.103571 0.197452
1 0.14761899999999997 0.804671 0.16190499999999997 0.23779200000000006
1 0.08452379761904762 0.4024051486199575 0.08095240476190477 0.15060469214437366
1 0.2125 0.485138 0.11547599999999997 0.180467
1 0.46369 0.262208 0.05833330000000008 0.09554139999999998
1 0.510714 0.308917 0.06666670000000005 0.08704880000000001
1 0.118452 0.615711 0.127381 0.20806799999999992
1 0.0904762 0.523355 0.116667 0.14225099999999996
1 0.5799369047619048 0.6777421974522294 0.1673857142857143 0.2964143312101911
