1 0.23919799999999997 0.399741 0.0833333 0.173351
1 0.8463753240740741 0.7212546765847347 0.14182564814814813 0.3428983570504528
1 0.346836 0.298836 0.05478400000000005 0.126779
1 0.6786269984567902 0.5370349547218629 0.10108 0.24871490297542043
1 0.0709877 0.6940489999999999 0.134259 0.47477400000000003
1 0.7997690000000001 0.564683 0.09645060000000007 0.1979299999999999
1 0.697531 0.404916 0.09259259999999991 0.181113
1 0.261188 0.7639070000000001 0.13966 0.472186
1 0.44213 0.517464 0.09876539999999998 0.23027200000000006
1 0.302855 0.348642 0.07175929999999996 0.151358
1 0.342207 0.489651 0.09953699999999996 0.2367400000000001
1 0.17365019675925927 0.5327006209573092 0.11199175154320988 0.32489412677878393
1 0.3793877314814815 0.6867088421733505 0.149741512345679 0.3101266106080207
1 0.732550636574074 0.3426326326002587 0.04693113425925926 0.13304780077619663
1 0.3959270833333333 0.4227470504527813 0.061437500000000006 0.18454988357050453
1 0.0814891975308642 0.45422042690815007 0.11178086419753086 0.20171697283311774
1 0.28201272376543207 0.28612296248382924 0.043517762345679015 0.14878382923673997
