1 0.34965600229533284 0.30420062005277043 0.05661820198928844 0.12269100263852242
2 0.828615 0.722955 0.14537099999999994 0.30870700000000006
2 0.6970159984697781 0.7428893799472295 0.12700800306044377 0.24039575197889182
1 0.438791 0.358179 0.0635042 0.15435400000000002
1 0.797246 0.580475 0.09793420000000007 0.17414200000000002
1 0.16792854246365724 0.50066 0.10788100229533283 0.2124010026385224
1 0.487758 0.4281 0.08186690000000002 0.19129300000000002
1 0.677888 0.556069 0.1300689999999999 0.20712400000000003
1 0.232211 0.42876 0.07421580000000005 0.14775700000000005
1 0.344682 0.515172 0.08951799999999994 0.20184699999999992
1 0.304132 0.349604 0.07421580000000005 0.155673
1 0.7321434583014538 0.34228166226912926 0.050600612088752876 0.13422823218997362
1 0.41219548584544763 0.5879188654353562 0.12377582249426167 0.3489934036939314
1 0.6873991124713084 0.44420599604221644 0.08711761285386381 0.21030040897097627
1 0.4716794644223412 0.3240343007915567 0.03733597551644988 0.1416306068601583
