1 0.4170340014684288 0.1996062198391421 0.06167399412628487 0.09408423592493298
1 0.627753 0.22788200000000003 0.060205599999999984 0.10723900000000003
1 0.062408208516886936 0.4993368900804289 0.12481600587371514 0.23457120643431634
1 0.07782669999999998 0.22654200000000002 0.06754769999999997 0.10455799999999997
2 0.8678409999999999 0.384719 0.11453700000000012 0.152815
0 0.2349490014684288 0.18368793565683647 0.055800293685756244 0.08652482573726543
1 0.590308 0.143432 0.049926600000000064 0.07774799999999997
1 0.8678409999999999 0.384719 0.11453700000000012 0.152815
1 0.720999 0.24262700000000004 0.06754770000000004 0.11528100000000001
1 0.576358 0.297587 0.0602055999999999 0.11796200000000004
0 0.508076 0.347185 0.09397940000000007 0.14209099999999997
1 0.410021248164464 0.27345800268096515 0.07569970631424376 0.11260099195710455
1 0.682819 0.19168899999999997 0.052863399999999894 0.10455799999999998
1 0.490455 0.21581800000000004 0.05873719999999994 0.09383379999999998
1 0.256241 0.563003 0.13656400000000002 0.29490599999999995
1 0.14149569016152716 0.27115415549597854 0.08356368575624082 0.16538605898123324
1 0.18924577092511013 0.18525702412868633 0.06530581497797357 0.09871919571045576
1 0.270702342143906 0.15384674262734582 0.051261982378854626 0.07436013404825736
1 0.5415085535976505 0.1680854021447721 0.054383773861967695 0.09219916890080429
0 0.801774596182085 0.16241152815013404 0.046615271659324525 0.10071045576407506
1 0.9521071953010279 0.580141327077748 0.09400587371512482 0.23545997319034853
1 0.6763030983847284 0.319857908847185 0.08623738619676946 0.12056686327077748
