0 0.7865670000000001 0.47317600000000004 0.11044800000000016 0.19957100000000008
0 0.572388 0.383047 0.09104479999999994 0.22103000000000006
0 0.508209 0.331545 0.0880597 0.17381999999999995
0 0.75 0.678112 0.1746270000000001 0.3733910000000001
0 0.658209 0.31652399999999997 0.08059700000000004 0.16523599999999994
0 0.473881 0.45064400000000004 0.10596999999999995 0.24463500000000005
0 0.5365670000000001 0.851931 0.21641800000000003 0.2875540000000001
0 0.891045 0.79721 0.2 0.3969960000000001
0 0.834180880597015 0.3102562768240344 0.07936062686567164 0.17435869098712445
0 0.9113125149253731 0.3673077789699571 0.10521974626865672 0.18846169527896994
