1 0.7653638381612091 0.5784236988636363 0.28316583753148616 0.4662295113636364
2 0.40365199937027707 0.7474361477272727 0.28589399874055416 0.5051287045454546
2 0.14997874370277078 0.28754386363636364 0.15218251259445845 0.21354927272727273
2 0.7553529999999999 0.743182 0.32052900000000006 0.513636
0 0.5724179999999999 0.43522700000000003 0.19017599999999987 0.4000000000000001
1 0.1363349968513854 0.6244317500000001 0.17317399874055417 0.5488635000000001
2 0.4836269999999999 0.578977 0.20780899999999997 0.3806819999999999
2 0.6234660862720404 0.2961538465909091 0.1398791750629723 0.25641026136363637
1 0.08099212846347607 0.37628228409090914 0.16198425692695215 0.34230815909090906
1 0.34137442695214104 0.31346174431818186 0.18969195214105794 0.39359014772727274
2 0.2699734319899244 0.5006408806818182 0.20319041561712847 0.6269227840909091
1 0.8170251983627204 0.4833334375 0.18613977959697733 0.44358994318181816
