0 0.192604 0.08905579999999999 0.135593 0.17811199999999996
1 0.21241741140215717 0.22424899141630902 0.22231417565485362 0.324033991416309
1 0.2734027118644068 0.5532056008583691 0.2945751617873652 0.49102656652360516
1 0.3603946147919877 0.3666671351931331 0.23842186440677968 0.3641034978540773
1 0.4128660092449923 0.08205150214592274 0.12427414483821263 0.15897424892703862
1 0.49939721879815097 0.1801279077253219 0.16845979969183358 0.2884609227467811
1 0.6241320338983051 0.2455128755364807 0.18226906009244992 0.2858969957081545
1 0.837699221879815 0.187820482832618 0.19883884437596303 0.28333328326180257
1 0.6425431432973806 0.4391020922746781 0.29273497688751926 0.42435804721030046
1 0.8372386671802773 0.5673071673819743 0.2899725885978428 0.4858963948497854
1 0.898455593220339 0.38653857296137345 0.19883919876733436 0.2910258583690987
1 0.4865098998459168 0.6756406652360516 0.36545785824345145 0.5153839055793992
