2 0.598182 0.6404846320346321 0.124848 0.21686670995670995
2 0.40816792121212125 0.5032051298701298 0.13997184242424243 0.1858974458874459
2 0.41636400000000007 0.4329 0.15636400000000011 0.194805
2 0.358788 0.7337326948051949 0.24969699393939396 0.5213115367965369
2 0.654162903030303 0.7348479978354978 0.260606 0.521645
1 0.5549741272727273 0.4378209307359307 0.10051235151515152 0.162821341991342
2 0.4228716545454545 0.5500004112554112 0.13066638787878787 0.23846238095238095
2 0.4038462484848485 0.6051286255411256 0.19025659393939395 0.2948726190476191
0 0.6698460606060607 0.37243614718614715 0.0 0.003846320346320346
1 0.5966153818181819 0.5179489718614718 0.11343590303030303 0.2871799783549784
