1 0.737709001046025 0.24038461574952563 0.06537660041841005 0.1423076944971537
1 0.6927299973849372 0.47179487191650854 0.1312759989539749 0.22051281783681215
1 0.7805959989539749 0.43717948292220116 0.08629710251046024 0.19743589184060722
1 0.07949790010460252 0.8073845872865276 0.15690400104602512 0.38143583491461097
1 0.126046 0.566414 0.150628 0.31499099999999997
1 0.8675202484309623 0.2535433870967742 0.05300530857740585 0.15188759013282732
1 0.1409941788702929 0.4429486954459203 0.1279195920502092 0.17820507590132828
1 0.29718308054393305 0.5352566413662239 0.19293927824267781 0.2910256166982922
1 0.6777612447698743 0.346795004743833 0.06360617154811715 0.20384642314990511
1 0.9272396129707112 0.5724361148007591 0.14417453974895397 0.37820556925996207
