1 0.329876 0.20486599999999996 0.07092670000000001 0.12419999999999998
1 0.20843100033456005 0.0819741229193342 0.044831000334560056 0.07676875800256082
1 0.5560795048511208 0.1053514052496799 0.06030240883238541 0.09275409090909091
1 0.797257 0.15621 0.06825030000000007 0.08834829999999998
1 0.3844691017062563 0.2669650032010243 0.09958059886249582 0.140845
1 0.39545 0.197503 0.06691200000000003 0.13252199999999997
1 0.34811000000000003 0.647247 0.127467 0.46350800000000003
1 0.054198700234192036 0.5112060787451984 0.10839699899631984 0.21215574263764406
1 0.2188019989963198 0.6410994462227912 0.13783899966543994 0.48732709987195905
1 0.723486 0.145967 0.06925390000000006 0.12035899999999998
1 0.6028770000000001 0.28841199999999995 0.0863164999999999 0.16325199999999995
1 0.294747 0.283931 0.07962530000000001 0.13764400000000002
1 0.221144 0.19558299999999998 0.09100030000000005 0.11715699999999998
1 0.835396 0.21414899999999998 0.07494139999999984 0.11587699999999997
1 0.7059220006691201 0.28150314980793856 0.09166950150552024 0.14762169014084509
1 0.9436269989963199 0.5467004257362356 0.11274699899631985 0.2010931562099872
1 0.597692 0.194622 0.08330550000000006 0.12291899999999997
1 0.135999 0.184059 0.0705922 0.10819499999999999
1 0.124289 0.361396 0.11475400000000002 0.18630000000000002
1 0.6370019989963198 0.3865482682458387 0.10438300100368016 0.19617346350832268
1 0.266979 0.368118 0.08364000000000003 0.18821999999999997
1 0.17715 0.266005 0.09735699999999997 0.1427660000000001
1 0.037638 0.33994899999999995 0.075276 0.17029400000000006
1 0.7266640000000001 0.3882840000000001 0.0856474000000001 0.17349599999999998
1 0.0792907 0.25896299999999994 0.0823018 0.11715699999999997
1 0.956173 0.404289 0.08765470000000002 0.1568499999999999
1 0.801439 0.28201 0.09401140000000002 0.13380300000000006
1 0.7945799983271998 0.7061178777208706 0.15255899966543995 0.5005847567221511
1 0.365172 0.3565940000000001 0.09133489999999997 0.18181800000000006
1 0.859485 0.39372599999999996 0.12111099999999998 0.19462199999999993
1 0.909167 0.289373 0.08665110000000001 0.13956499999999994
1 0.4237611241217799 0.17564090268886043 0.06364804282368686 0.1641023175416133
1 0.273685993643359 0.09294856274007682 0.0636479056540649 0.09358943021766965
1 0.6270993509534961 0.11346145646606914 0.06431785881565741 0.08333316901408451
1 0.7540602208096353 0.09102560819462228 0.05426831716293075 0.07692317541613317
1 0.6914172950819673 0.10512806658130601 0.05359833054533289 0.08717920614596672
1 0.6482037219805955 0.15320528489116517 0.06632791903646705 0.11410287451984635
1 0.657918405821345 0.5544871638924456 0.12997583472733357 0.17307688860435338
1 0.7480303563064569 0.21666666773367474 0.07972731682837068 0.10256410371318822
1 0.41734051020408164 0.09645064340588988 0.06854882234861158 0.10030870038412291
1 0.16935546671127466 0.1211418790012804 0.07096788892606223 0.10956771446862995
1 0.24838814988290397 0.13040140845070422 0.06774226831716293 0.10030857874519845
