0 0.6446529986590681 0.14911921657592256 0.04827349983238351 0.12644356321839081
0 0.757459 0.12401700000000002 0.04860879999999999 0.10768300000000001
0 0.554643 0.11736200000000001 0.04123370000000003 0.09316390000000001
0 0.136607 0.200847 0.063359 0.11373299999999997
0 0.16744900100569898 0.2821372081064731 0.058665799530673815 0.11812057471264367
0 0.127556 0.360254 0.08414349999999998 0.167574
0 0.349313 0.18905 0.05698959999999997 0.148215
0 0.605766 0.281004 0.06369430000000008 0.13127600000000003
0 0.32852799865906807 0.1327269600725953 0.050955400603419375 0.11930007864488809
0 0.627556 0.11978199999999999 0.04693260000000007 0.09921350000000001
0 0.31294 0.26406500000000005 0.06000669999999996 0.151845
0 0.7854265789473684 0.6663639987900787 0.11872184713375795 0.47731399879007863
0 0.661247 0.21445899999999998 0.053972499999999896 0.10344799999999997
0 0.179685 0.13374279189352692 0.06168289976533691 0.11363942528735632
0 0.231646 0.19631000000000004 0.0650352 0.127647
0 0.34981599999999996 0.631276 0.12370100000000005 0.43496699999999994
0 0.2262501206838753 0.6436779975801573 0.12129024472008046 0.46582
0 0.811934 0.293103 0.0777741000000002 0.13490599999999997
0 0.2743880020113979 0.08844066545674531 0.05665440160911834 0.12559927404718693
0 0.38182999999999995 0.358742 0.07710360000000002 0.14035100000000003
0 0.2650019979886021 0.3660931246218996 0.06604089842440496 0.1450067574107683
0 0.38468 0.277677 0.07609789999999997 0.13188100000000005
0 0.08276572410325175 0.27692307622504536 0.0959087127053302 0.11282051421657592
0 0.6916095172644988 0.13012815789473683 0.04475749916191753 0.08589734422262554
0 0.6262493613811599 0.3801282970356927 0.06607050284948039 0.1474360859044162
0 0.5857809252430439 0.1998457229280097 0.05472980221253771 0.10648157289776164
0 0.42714969996647667 0.11342594978826377 0.04874384512236005 0.10956794313369632
0 0.4010674874287629 0.2091049274047187 0.05472992624874287 0.12191355716878403
0 0.42330156721421386 0.16589503932244404 0.06499190412336574 0.10648094373865699
0 0.572611464968153 0.16099297943133697 0.04480254777070063 0.09787248033877798
