1 0.215124 0.574803 0.14993499999999998 0.355456
1 0.27705300195567145 0.4425964116985377 0.10430200130378096 0.2441671766029246
1 0.43741899999999995 0.329584 0.0821381999999999 0.16422899999999999
1 0.39309 0.547244 0.13689699999999996 0.259843
1 0.32170800000000005 0.355456 0.08148630000000003 0.16422899999999993
1 0.08246409999999998 0.365579 0.0684485 0.13048400000000004
1 0.8239900000000001 0.365017 0.10821399999999999 0.24634400000000004
1 0.624837 0.453318 0.11147299999999988 0.22497199999999995
1 0.8931148370273793 0.3065239988751406 0.08610007822685788 0.1113610011248594
1 0.5404169980443285 0.49714444319460066 0.16818799869621903 0.22505811023622047
1 0.8811732855280313 0.7128205118110237 0.20954357235984356 0.5743589763779527
1 0.7102350032594524 0.7378205118110236 0.19621900260756195 0.521794859392576
1 0.617666 0.287402 0.08539769999999992 0.187852
1 0.5416381681877445 0.2064105005624297 0.07429863102998696 0.36153895388076496
1 0.51674805410691 0.36410244656917884 0.11219098435462842 0.1897433633295838
1 0.12927984354628422 0.6730768391451069 0.2154663885267275 0.3923075140607424
1 0.4023278585397653 0.40576914510686163 0.13745249674054758 0.22692290213723287
1 0.18871887548891786 0.7987179471316085 0.32245664276401564 0.40256410573678286
