0 0.26910199899463805 0.37732899999999997 0.07841820040214477 0.154658
0 0.0723861 0.301863 0.0864611 0.14161500000000002
0 0.5613270006702413 0.12543789130434782 0.04490619973190348 0.09446552173913045
0 0.3481903719839142 0.19233562732919257 0.048927660857908846 0.17185074534161493
0 0.39192399966487934 0.37756410248447203 0.07205090147453083 0.15769230434782608
0 0.8126679993297588 0.3100331708074534 0.07305630026809651 0.12775865217391305
0 0.6978889996648794 0.13911070186335403 0.04658179959785523 0.08078550310559006
0 0.17375999999999997 0.15273542236024845 0.06266760053619304 0.1131631552795031
0 0.25050300100536194 0.1430404347826087 0.07875340147453083 0.14249113043478262
0 0.620811 0.30155300000000007 0.05864610000000006 0.128571
0 0.3523789996648794 0.6596989409937889 0.12969200067024128 0.4498328881987578
0 0.22386100201072384 0.6621794875776398 0.09785520107238604 0.4653846149068323
0 0.13246508378016086 0.3730770745341615 0.09476621313672921 0.16666696894409938
0 0.34067376005361927 0.14230771739130435 0.06156333780160858 0.13846158385093169
0 0.8943982908847183 0.3102564906832298 0.06087164879356568 0.12307708074534161
0 0.9594203099865952 0.4153845900621118 0.07885643096514745 0.146153801242236
0 0.4340563907506702 0.12307700310559007 0.03804472520107238 0.09743605590062111
0 0.6926064008042896 0.3056737795031056 0.061224865951742626 0.1347518198757764
0 0.13048558981233244 0.2092198757763975 0.06505160857908847 0.11205714285714286
