1 0.46092500000000003 0.4805787141444115 0.06911220095693779 0.1150035806132542
1 0.8997869989367357 0.7663319238377844 0.11855399787347155 0.3852848565776459
1 0.625731 0.47181 0.07655499999999987 0.15628100000000006
1 0.4175969989367358 0.4447158951533135 0.05156829877724615 0.0996882096933729
1 0.5297710021265284 0.5445388625123639 0.09409889952153111 0.12753926805143423
1 0.0850611 0.875865 0.170122 0.23244299999999998
1 0.501595 0.8086050000000001 0.16002099999999994 0.2403560000000001
1 0.439394 0.56726 0.07496009999999999 0.12166199999999996
1 0.606592 0.753709 0.13397100000000006 0.20375900000000002
2 0.09144069643806486 0.7191473095944608 0.13184499734183944 0.18188437190900097
1 0.504519 0.631553 0.08931420000000001 0.159248
1 0.565125 0.419387 0.06485910000000009 0.09891199999999997
1 0.604465999468368 0.6118144906033631 0.10739 0.14927000989119685
1 0.08992467304625198 0.4891026805143422 0.08475671451355662 0.13461560830860536
1 0.0871683014354067 0.546153921859545 0.083378442317916 0.10512835806132541
1 0.8024300903774588 0.5660255637982196 0.051681020733652314 0.13717933728981208
2 0.6980351089845827 0.5352561819980217 0.07855498139287613 0.20384569732937685
1 0.2649500265816055 0.4826922700296736 0.06546198830409357 0.0858973590504451
1 0.39834502923976606 0.6510636399604351 0.11664433811802233 0.1900705440158259
