1 0.26576299810844894 0.4993589717514124 0.19735199873896594 0.6115384632768361
1 0.084174 0.350282 0.168348 0.34576300000000004
1 0.8162953909205549 0.48525641242937856 0.19178663303909207 0.42948717514124296
2 0.7423548455233291 0.7395480000000001 0.3500943064312736 0.520904
1 0.13871400063051703 0.6130815819209039 0.16771800126103403 0.5184708474576272
2 0.40762900063051705 0.7424597457627118 0.27931899747793193 0.5105605084745762
2 0.14911699873896594 0.28175781355932206 0.1532160025220681 0.20710536723163842
1 0.8467237295081967 0.37525001694915255 0.18682703026481715 0.4479359209039548
1 0.57377 0.432203 0.20176499999999997 0.39661
2 0.629256 0.30904000000000004 0.15006300000000014 0.25423700000000005
2 0.498424000630517 0.5762820508474576 0.19735199873896594 0.3217948813559322
1 0.3401700945775536 0.3064105197740113 0.2024567843631778 0.4102569265536723
