1 0.513475 0.6138149999999999 0.11645799999999995 0.323391
1 0.736766000962464 0.31963616954474094 0.04716070259865255 0.0828620722135008
1 0.18639709817131858 0.5541599921507064 0.15271078922040424 0.1883829984301413
1 0.38161699711260827 0.7414178963893249 0.15495699711260827 0.4812667817896389
1 0.356593 0.338305 0.06256020000000001 0.09262170000000006
2 0.17709299999999997 0.41522799999999993 0.08469680000000002 0.12715900000000005
1 0.10250199999999998 0.518838 0.131858 0.16169499999999998
1 0.7406159961501444 0.5932497880690738 0.13955699711260827 0.23265342229199373
1 0.670356 0.756672 0.17420600000000014 0.304553
1 0.8585179999999999 0.8233909999999999 0.22136700000000012 0.30926199999999987
1 0.10611180461982676 0.4038464128728414 0.10532595765158807 0.1256415541601256
1 0.8677574590952839 0.36474358712715854 0.05659287776708373 0.13205128728414442
1 0.8406400384985564 0.4217951334379906 0.06523965351299327 0.15897488226059653
1 0.40872633782483153 0.5 0.1540583926852743 0.11794976452119309
