1 0.959751 0.668993 0.0804985000000001 0.41322799999999993
1 0.9557089996631862 0.40385561286407773 0.08858200067362748 0.14617276699029125
0 0.537723 0.356796 0.09733919999999999 0.572816
1 0.8095319989895587 0.6782812287621358 0.12226300101044123 0.4334855400485437
1 0.21640299999999998 0.206311 0.06702589999999996 0.13106800000000002
0 0.362917 0.3574030000000001 0.0912765 0.146845
0 0.7002359999999999 0.270934 0.10508599999999994 0.17657799999999998
0 0.568832137083193 0.11794885012135922 0.03225017514314584 0.08461564927184465
0 0.6973944257325698 0.12628216019417476 0.05550687100033681 0.07820509708737865
0 0.22238342371168746 0.646153822815534 0.1416137521050859 0.5025637135922331
0 0.43195754462782077 0.11730763046116503 0.03842778713371506 0.09102551577669904
0 0.659390528797575 0.6822694174757282 0.1204617851128326 0.4425533980582524
1 0.34878799090602897 0.6503545358009709 0.1275476288312563 0.460993052184466
1 0.12479218255304816 0.37375891383495147 0.10786460761199057 0.19148945388349514
