1 0.8077749999999999 0.34855389114954227 0.05951739946380697 0.13300521871820958
1 0.342091 0.6467948728382502 0.115818 0.45769230925737536
1 0.355228 0.2973199033570702 0.031635399463806974 0.08694749745676501
1 0.7080430000000001 0.5325529999999999 0.11313700000000011 0.3346899999999999
1 0.39061700000000005 0.2903846185147508 0.04235920107238606 0.10128205493387589
1 0.787399 0.398779 0.0949062000000001 0.17497499999999994
1 0.9292230026809651 0.42928894710071214 0.122252 0.23550098677517803
1 0.193566 0.347406 0.058981200000000025 0.12105800000000003
1 0.8119024530831099 0.8647435910478128 0.2777294316353887 0.27051281790437437
1 0.47941479892761396 0.7695164242115972 0.1899295978552279 0.4467251576805697
1 0.749062 0.43896199999999996 0.10187700000000009 0.19633799999999998
1 0.6308310026809651 0.4201612207527975 0.08203750134048259 0.2685275686673449
1 0.443164 0.3694915462868769 0.07345840214477212 0.1338548931841302
1 0.3949060026809652 0.3916906561546287 0.07560320107238605 0.14235567650050865
1 0.892761 0.5851500152594099 0.16514699731903484 0.31901797558494405
1 0.8458449973190348 0.7673076907426246 0.20214499731903487 0.38333332655137337
1 0.568345252010724 0.6387596236012207 0.17154350134048257 0.26469873855544257
1 0.07196639946380697 0.5237178942014242 0.10879427882037533 0.1935896439471007
1 0.2517133780160858 0.3307690335707019 0.05068048257372654 0.0923073041709054
1 0.28110819302949064 0.40064112919633776 0.07433160321715818 0.21666687690742625
1 0.33584301340482575 0.3576924771108851 0.05270753887399464 0.15128239064089521
1 0.5564725040214478 0.4365383570701933 0.07230432171581769 0.4089741505595117
1 0.911236399463807 0.4814102950152594 0.1317695603217158 0.20641033570701933
