2 0.4126047750362845 0.3258709950248756 0.08915953555878084 0.13432800995024874
2 0.498549 0.20398 0.06821479999999999 0.09452740000000001
2 0.5123369999999999 0.272388 0.06966619999999997 0.09203980000000002
2 0.55421469521045 0.16169199004975124 0.0671879100145138 0.08955218905472637
2 0.35631300000000005 0.19900500000000002 0.07402030000000007 0.14427900000000002
1 0.240929 0.19651700000000002 0.05805519999999998 0.08457710000000003
2 0.35629662554426705 0.27985099502487565 0.08276184325108854 0.14179099502487563
2 0.240929 0.197761 0.05805519999999998 0.08706469999999997
1 0.4419449999999999 0.246269 0.07402030000000004 0.09950250000000001
2 0.9441220000000001 0.381841 0.07402030000000004 0.10696500000000002
2 0.17852523947750362 0.4912940049751244 0.11319651669085631 0.19154199004975125
2 0.562409 0.218905 0.05370099999999996 0.09950249999999997
2 0.0754717 0.35074600000000006 0.095791 0.13930299999999998
2 0.672714 0.50995 0.13788099999999998 0.22885599999999992
2 0.805515 0.564677 0.12191599999999987 0.2139299999999999
1 0.278665 0.24005 0.08127720000000001 0.17164200000000004
1 0.120464 0.42786099999999994 0.07837449999999999 0.16915399999999994
1 0.03701020319303338 0.29332196517412934 0.06821480406386067 0.11484905472636815
1 0.427431 0.159204 0.0595065 0.10447800000000003
2 0.14150899999999997 0.238806 0.06531199999999997 0.09950249999999997
2 0.723512 0.789801 0.14658900000000008 0.25621900000000003
1 0.783745 0.32213900000000006 0.09579099999999992 0.116915
1 0.6814220029027577 0.21638500000000002 0.05950650217706822 0.13426298507462686
1 0.753266 0.409204 0.08998550000000005 0.13681600000000008
2 0.613208 0.185323 0.059506499999999914 0.09203980000000002
2 0.9230769999999999 0.639304 0.12772099999999986 0.18408000000000005
2 0.8896949999999999 0.8605623258706467 0.1712630043541364 0.23907335820895523
2 0.2533716618287373 0.68408 0.15218265602322206 0.3681590049751244
2 0.592163 0.676617 0.13062400000000007 0.22885599999999992
2 0.846154 0.44527400000000006 0.09869379999999996 0.14427899999999994
2 0.32293199564586356 0.4131269278606965 0.0972423947750363 0.13394614427860696
2 0.584906 0.383085 0.08708270000000008 0.28855699999999995
2 0.394049 0.54602 0.11756199999999999 0.390547
2 0.9346879970972425 0.4859932462686567 0.09579100145137881 0.15109047263681594
2 0.495646 0.458955 0.10304799999999999 0.33582099999999987
2 0.8628393468795356 0.3474359950248756 0.09350272859216255 0.15128223880597017
2 0.24385363570391871 0.3570516666666666 0.10920999999999999 0.17051358208955222
1 0.6408381712626996 0.2725273631840796 0.057063860667634254 0.14945273631840797
