1 0.46529799999999993 0.21234 0.0723362999999999 0.155449
1 0.5157527956989247 0.4102461137820513 0.10459399804496579 0.43624536858974355
1 0.801564 0.311699 0.09775170000000011 0.26121800000000006
1 0.43009298142717495 0.5046439503205128 0.11922795698924732 0.4772369070512821
1 0.375367 0.199519 0.07038120000000005 0.15224400000000002
1 0.184751 0.326923 0.13880699999999999 0.24038499999999993
1 0.920039100684262 0.333974358974359 0.11182795698924732 0.20641025641025643
1 0.904398826979472 0.45641025641025645 0.12277614858260019 0.2692307692307692
1 0.889149560117302 0.6448717948717948 0.13450635386119256 0.4076923076923077
1 0.7413489736070381 0.4166666666666667 0.12825024437927662 0.2615384615384615
1 0.5814271749755621 0.3174986378205128 0.07898338220918866 0.3862793269230769
1 0.4559139784946237 0.10897435897435898 0.07350928641251223 0.1282051282051282
1 0.05395894428152493 0.19487179487179487 0.10791788856304986 0.20512820512820512
1 0.14975562072336265 0.48525641025641025 0.1790811339198436 0.31153846153846154
1 0.12160312805474097 0.7070512820512821 0.24320625610948193 0.5269230769230769
1 0.41227077223851416 0.26312019230769235 0.10295992179863148 0.1943269230769231
1 0.2907093157380254 0.34468084935897436 0.10555497556207234 0.24397163461538462
