0 0.545249 0.345603 0.06184009999999998 0.13905900000000007
0 0.6719460000000002 0.5674850000000001 0.12518899999999994 0.25562400000000013
0 0.328808 0.403885 0.08144799999999995 0.15746399999999997
0 0.402715 0.355828 0.06334839999999999 0.13905899999999996
0 0.49978883107088984 0.4848571881390593 0.09459965309200603 0.18852738241308795
0 0.171946 0.7034760000000001 0.14178000000000002 0.335378
0 0.313726 0.552147 0.11462999999999998 0.26584900000000006
0 0.302413 0.831288 0.164404 0.32924299999999995
0 0.612368 0.7842540000000001 0.17194599999999993 0.4192230000000001
1 0.7720704223227752 0.44230721881390594 0.10306880844645551 0.16666572597137014
