1 0.22619000000000003 0.36219500000000004 0.077381 0.11951199999999998
1 0.898065 0.32926800000000006 0.07291670000000006 0.12195100000000007
1 0.559524 0.8 0.19047600000000006 0.326829
1 0.762649 0.541463 0.14732100000000006 0.33170700000000003
1 0.666667 0.67561 0.1875 0.26341499999999995
1 0.282263869047619 0.3268320975609756 0.04559130952380953 0.12838946341463414
1 0.09721692708333333 0.4241758292682927 0.07106912202380952 0.15164834146341463
1 0.18538232886904762 0.4538460853658536 0.10392138392857143 0.12747265853658538
1 0.313104880952381 0.42472497560975614 0.09118297619047619 0.2164840975609756
1 0.20951863095238094 0.5983511707317073 0.1602395238095238 0.2208781463414634
1 0.42842411458333335 0.6071430121951219 0.15152379464285715 0.31318714634146344
