2 0.578648 0.43246299999999993 0.194567 0.39046499999999995
2 0.1295687492103601 0.637343995459705 0.1906404927353127 0.5754819977298524
1 0.08686040113708149 0.3667748637911464 0.16993099810486417 0.3720112712826334
1 0.130133 0.612372 0.19204000000000002 0.53689
2 0.6336070025268478 0.3000000056753689 0.14403000000000002 0.24102564131668558
1 0.497473 0.572645 0.18256499999999995 0.366629
2 0.49684100000000003 0.572077 0.1825650000000001 0.36776400000000004
2 0.741314 0.741203 0.3531269999999999 0.5175940000000001
1 0.7704029658875552 0.5795395686719637 0.27864593177511054 0.502668876276958
2 0.14497800379027165 0.2736653178206584 0.14087200252684776 0.20907962542565267
2 0.407138 0.7474459999999999 0.27984799999999993 0.505108
1 0.34391193303853446 0.3166664472190692 0.20691776373973467 0.38974315550510785
2 0.273274447252053 0.5012820942111237 0.20120979153506002 0.6128206015891032
