1 0.13659299999999996 0.6380090000000002 0.17476299999999997 0.5995480000000001
0 0.7786750788643534 0.7313349943438914 0.27886435331230286 0.5305429977375565
0 0.5508725425867508 0.43608599547511306 0.14527909148264984 0.3993209954751131
0 0.622082 0.302602 0.13249200000000008 0.252262
1 0.143849 0.282805 0.153943 0.214932
0 0.48044200000000004 0.5700604185520362 0.21388 0.37345416289592764
1 0.403785 0.739819 0.27507899999999996 0.5158369999999999
1 0.0833018927444795 0.3634615384615384 0.166603785488959 0.3576923076923077
1 0.33892754889589904 0.30384596719457013 0.2002105173501577 0.3871791063348416
1 0.2681386971608833 0.4025048472850679 0.1987800189274448 0.4588558484162896
0 0.8759201892744479 0.3711536595022624 0.1258466876971609 0.4448714140271493
0 0.8237222933753945 0.552564100678733 0.16874847318611988 0.4641025678733031
