1 0.557785 0.231959 0.04975919999999993 0.126523
1 0.9299089994649545 0.5391270337394564 0.14018200107009096 0.35004893158388
1 0.261102 0.774133 0.20438699999999999 0.4329900000000001
1 0.6107539999999999 0.281162 0.08828249999999999 0.15932499999999994
1 0.0698234 0.839269 0.13857700000000003 0.31209000000000003
1 0.10460099999999999 0.571228 0.17174999999999999 0.2989690000000001
1 0.13247672552166934 0.43397448922211806 0.11564258962011771 0.19615411433926896
1 0.12918298555377208 0.3410257731958763 0.09588121990369182 0.16410215557638239
1 0.8186468699839488 0.3403844611059044 0.14125949705724988 0.35256378631677604
1 0.6378638389513109 0.23397428772258666 0.04903850722311396 0.12435882849109653
1 0.7015402514713751 0.3474357310215558 0.1031998608881755 0.18717914714151826
