1 0.46925 0.256813 0.099631 0.19496900000000006
1 0.364699 0.236897 0.09225090000000004 0.20964400000000002
1 0.5190649999999999 0.20964400000000002 0.08610089999999995 0.16352200000000003
1 0.327183 0.503145 0.17958200000000002 0.310273
1 0.18327199999999996 0.467505 0.15498199999999995 0.2431869999999999
1 0.05904059999999999 0.6373170000000001 0.11562099999999999 0.38155100000000003
1 0.8548589975399754 0.6561198846960168 0.20418200492004918 0.3481372117400419
1 0.7207869999999998 0.24528300000000003 0.11316100000000005 0.192872
1 0.284133 0.33438200000000007 0.127921 0.21174000000000004
1 0.406519 0.356394 0.13161100000000003 0.21802900000000003
1 0.180197 0.69392 0.220172 0.36477999999999994
1 0.7224876506765068 0.4442303668763103 0.1376520049200492 0.23717867924528302
1 0.8580196801968021 0.351064035639413 0.09487330873308733 0.22553230607966457
1 0.7569051599015991 0.33687911949685534 0.1006989052890529 0.19432561844863733
