1 0.17876 0.25083493775933613 0.0923482981530343 0.1580801244813278
1 0.2817400857519789 0.1527472562240664 0.08691663588390502 0.15164835062240664
1 0.6289580013192612 0.21961934647302905 0.08377310026385225 0.11973568464730291
1 0.360818 0.21058100000000002 0.08707120000000006 0.18464700000000006
1 0.06266489775725595 0.2660335425311204 0.0857519986807388 0.15257990663900414
1 0.4482189973614776 0.6775641026970954 0.205145 0.6448717946058092
1 0.6214735982849605 0.6282051296680498 0.22447719656992085 0.6076923132780083
1 0.278364 0.6986509999999999 0.221636 0.602697
1 0.1002640006596306 0.6270028682572615 0.2005280013192612 0.40753272821576764
1 0.14852689973614774 0.3299337966804979 0.1268687994722955 0.18038041493775933
1 0.288918 0.41078800000000004 0.16358800000000004 0.21369300000000005
1 0.698249426121372 0.19679493775933612 0.09701302110817943 0.13461551867219917
1 0.4002808410290238 0.3679486358921162 0.17283013852242746 0.21025625518672197
1 0.7766866754617413 0.27142875000000005 0.10132189973614776 0.14505459543568464
1 0.2630883146437995 0.2835163848547718 0.12508062664907652 0.18901079875518673
