1 0.43439716312056736 0.1794871794871795 0.05319148936170213 0.1641025641025641
1 0.30851063829787234 0.22216128205128205 0.08652482269503546 0.1161174358974359
1 0.69132 0.132784 0.05200950000000006 0.0763126
1 0.2742319993245525 0.11691093711843711 0.05403579871664978 0.07997572039072039
1 0.8596759999999999 0.386752 0.13002399999999986 0.19474999999999995
2 0.797366 0.681013 0.1513 0.4157509999999999
1 0.670382 0.692002 0.12630900000000006 0.432845
1 0.295339 0.286325 0.07125970000000006 0.137973
1 0.6176969976359338 0.12931844017094016 0.05336039851401553 0.08363860195360195
1 0.7161429999999999 0.16544599999999998 0.06247889999999984 0.10378500000000002
1 0.761736001350895 0.12579384004884003 0.052347200270178994 0.09517742368742368
1 0.55792 0.127595 0.06754480000000009 0.0830281
1 0.9549643144208038 0.7084860012210012 0.09007047281323877 0.5097679975579976
1 0.69132 0.304945 0.0864572999999999 0.14224700000000004
2 0.798041 0.314103 0.09658899999999994 0.12026899999999997
1 0.640831 0.398962 0.08814590000000004 0.16788800000000006
1 0.12614 0.19108699999999998 0.0759878 0.13064699999999999
2 0.3480240020263425 0.6622162881562882 0.14285700101317123 0.45996457875457875
2 0.24485000000000004 0.156288 0.06484299999999997 0.09401710000000002
1 0.662614 0.216422 0.07902740000000004 0.12271100000000001
1 0.7524479989868288 0.22136763431013431 0.079702799729821 0.10427373015873015
1 0.5927050016886187 0.2969475641025641 0.093887200270179 0.1374848717948718
1 0.9523810000000001 0.397131 0.0945625999999999 0.169109
2 0.735225 0.40018299999999996 0.09658899999999994 0.15934100000000004
2 0.0484634 0.648657 0.09692670000000002 0.4059829999999999
2 0.19588 0.632784 0.12698399999999999 0.467033
1 0.896488 0.31044 0.08206690000000001 0.131258
1 0.35531914893617017 0.3685897435897436 0.10212765957446808 0.17307692307692307
2 0.251063829787234 0.3858974358974359 0.1049645390070922 0.16666666666666666
1 0.8329787234042553 0.2217948717948718 0.07588652482269503 0.12051282051282051
1 0.5790780141843971 0.22884615384615387 0.08581560283687943 0.10641025641025642
1 0.6546099290780142 0.16858974358974357 0.06382978723404255 0.10384615384615384
