1 0.611497 0.8147433415112856 0.14385 0.3705123159960746
1 0.0954545 0.7021650490677135 0.106417 0.19920189401373894
1 0.08128340106951872 0.8484484003925418 0.15614999999999998 0.2815121884200196
1 0.427005 0.44357199999999997 0.05294120000000006 0.10009800000000006
0 0.34808233155080215 0.5712004808635918 0.06854073796791443 0.1767479685966634
1 0.727005 0.791462 0.11283400000000009 0.417076
1 0.8994649973262031 0.7612528312070658 0.121925 0.38917233562316
1 0.857754 0.534347 0.07593580000000019 0.17958799999999997
1 0.30641700000000005 0.511286 0.052406399999999985 0.14524000000000004
1 0.441444 0.552502 0.07326200000000002 0.15505400000000005
1 0.523262 0.52159 0.09037429999999996 0.15799800000000008
1 0.03143770053475936 0.4493592149165849 0.05868395721925134 0.12948765456329736
1 0.08977192513368984 0.4429486947988224 0.062177005347593586 0.1269230225711482
1 0.0936143770053476 0.48846131010794896 0.08243648663101603 0.13846108930323847
1 0.26966532352941175 0.4615384494602552 0.06287513903743315 0.13333330716388614
1 0.4712158502673797 0.47820503925417074 0.059382203208556146 0.13846136408243376
1 0.5704192245989305 0.4525639254170755 0.06497117647058824 0.1846150343473994
1 0.7834967914438503 0.609615613346418 0.0985048128342246 0.2653850637880275
1 0.9591986363636362 0.6121796614327772 0.07964229946524064 0.185897791952895
1 0.3982106951871658 0.6333331697742886 0.11177860962566845 0.19743572129538764
1 0.5120850267379679 0.6243591756624141 0.09221711229946523 0.21794896957801765
1 0.5062729946524064 0.8035461236506378 0.15922513368983957 0.30780078508341513
