2 0.122781 0.659601 0.11538500000000002 0.26184499999999983
0 0.32692299556213017 0.29568204488778055 0.06508880177514793 0.11187690773067331
1 0.151627 0.399002 0.08431949999999998 0.11471299999999998
1 0.7951179999999999 0.36783 0.10798799999999992 0.13715699999999997
1 0.3991169600591716 0.7329384164588528 0.13963507396449704 0.49921014962593513
1 0.8890323964497041 0.6072320074812968 0.16122742603550297 0.30174600997506235
1 0.705621 0.531172 0.13609500000000002 0.23441400000000007
1 0.39484807692307694 0.49626578553615963 0.10922284023668638 0.264326433915212
1 0.7821425221893491 0.4650870074812967 0.10274575443786982 0.16209501246882793
2 0.534024 0.854115 0.230769 0.2668330000000001
2 0.6523669970414201 0.7347670698254364 0.19526600591715976 0.2362008229426434
1 0.23917916420118343 0.4685901620947631 0.10418900887573965 0.2294880049875312
1 0.32169433431952665 0.41217987531172073 0.08365571005917159 0.16794947630922694
1 0.3791125591715976 0.2692309600997506 0.058558905325443784 0.10769269326683292
1 0.41333511834319525 0.3423071197007481 0.06920550295857988 0.17692192019950123
1 0.1190192529585799 0.5141029426433915 0.10418930473372782 0.1641033416458853
1 0.5312140606508876 0.5288467331670823 0.10723164201183433 0.2807703740648379
1 0.8749632618343196 0.8320511845386535 0.24716519230769232 0.3128203241895262
1 0.8985390458579883 0.5179481421446384 0.1391733875739645 0.2256398753117207
1 0.6582184615384615 0.3788458603491272 0.09506307692307693 0.1730763591022444
1 0.5871114423076922 0.3064101246882793 0.06692504437869823 0.08974334164588528
1 0.5388187647928995 0.33846167082294265 0.08441572485207101 0.12051306733167083
1 0.03031139053254438 0.48131920199501244 0.056711538461538466 0.1340648379052369
