1 0.514504 0.419741 0.057489499999999936 0.17148599999999997
1 0.602584 0.813559 0.13871300000000003 0.36689899999999986
1 0.563555 0.45373670987038883 0.06276370253164557 0.1613195812562313
1 0.5058020015822785 0.627156590229312 0.09177219936708861 0.19533882352941176
1 0.8810650000000001 0.7429487188434697 0.13554899789029537 0.36794872382851446
1 0.7022679984177216 0.7128324277168495 0.10917699894514768 0.23335715852442673
1 0.431698 0.552343 0.07542190000000003 0.16749799999999995
1 0.6057490031645569 0.609494705882353 0.09862870253164557 0.17283557328015953
1 0.9488241033755274 0.5961536789631107 0.0990195147679325 0.1743586440677966
1 0.6866935733122363 0.4435896011964108 0.06443036392405063 0.13076895314057826
1 0.6209067747890296 0.46346111665004985 0.0712128217299578 0.18846161515453638
1 0.7768963396624472 0.4916666899302094 0.08477694092827004 0.1679487736789631
1 0.7043273496835444 0.5294869641076769 0.09020289556962025 0.20512776669990032
1 0.5225654878691983 0.5365384596211366 0.09020251582278481 0.15512820538384847
1 0.09291561181434599 0.4923074626121635 0.08816772151898734 0.1538456929212363
1 0.09461102320675105 0.6993706530408774 0.13632120253164556 0.21664254237288136
1 0.07901213080168776 0.8564102542372882 0.15802426160337552 0.2871794915254237
1 0.3926872362869198 0.6403844516450649 0.09359388185654009 0.18589709870388835
1 0.4698214662447257 0.7901231306081754 0.12490453586497889 0.29629611166500497
1 0.4592088449367089 0.4807100249252243 0.0530643776371308 0.14043239282153538
1 0.33226289556962024 0.5702158325024925 0.07347315400843882 0.15895018943170489
1 0.7747360073839663 0.6080244715852442 0.10939395569620254 0.25617239282153537
