1 0.17232399999999998 0.321569 0.11383799999999998 0.22548999999999997
1 0.09399479999999999 0.456373 0.15143599999999996 0.2676470000000001
1 0.07571800000000001 0.315196 0.11592700000000003 0.25784299999999993
1 0.901828002610966 0.24366492156862746 0.10652700261096607 0.1950221568627451
1 0.0274151 0.228431 0.0548303 0.18039199999999997
2 0.6809399973890339 0.24551281862745097 0.11383800000000001 0.1756410294117647
1 0.0550914 0.670098 0.109138 0.35588200000000003
1 0.6960839973890339 0.35444942156862747 0.11279399999999999 0.18340884313725492
1 0.252219 0.44460799999999995 0.12428199999999999 0.30294099999999996
1 0.9438640000000001 0.6696080000000001 0.11227199999999991 0.3372550000000001
1 0.956658 0.341176 0.0856397 0.19803899999999997
1 0.727415 0.476961 0.138903 0.23627499999999993
1 0.832898 0.346569 0.1159269999999998 0.23039200000000004
1 0.789053906005222 0.6711537303921569 0.20417730548302873 0.37051259803921566
1 0.3858204046997389 0.3679487205882353 0.10652733681462141 0.4487179509803922
1 0.30933918537859006 0.39487187254901956 0.11745322193211488 0.5948719411764706
1 0.19734908616187988 0.723718137254902 0.18847154046997389 0.5525637254901961
