0 0.844275 0.3729470991561182 0.08244270229007633 0.16127879746835444
0 0.737405 0.6432327109704641 0.131298 0.29159360759493674
0 0.51374 0.71097 0.18778600000000004 0.2995780000000001
0 0.171756 0.34686793248945147 0.07175569465648855 0.1501461181434599
0 0.240458 0.37974699999999995 0.0900763 0.16877600000000004
0 0.14122099999999999 0.44514800000000004 0.10228999999999998 0.19409300000000004
0 0.206107 0.832278 0.183206 0.3270040000000001
1 0.08581884732824428 0.701282299578059 0.16978215267175573 0.3743594514767933
0 0.7603113358778626 0.4942305274261603 0.10854984732824427 0.23461489451476794
0 0.9347325343511451 0.46282067510548525 0.06401584732824428 0.23589873417721519
