0 0.920181 0.456842 0.09337349999999998 0.22736799999999993
0 0.4653610000000001 0.312632 0.060240999999999996 0.13684200000000002
0 0.533886 0.345263 0.0768072 0.12631599999999996
0 0.8531629969879518 0.35292064210526314 0.07981930722891566 0.17836873684210527
0 0.751506 0.4863160000000001 0.10843399999999985 0.22315800000000002
0 0.5143069954819277 0.7716126947368421 0.1882529969879518 0.4483536
0 0.578313 0.421053 0.08433730000000002 0.16842099999999996
0 0.243223 0.362105 0.08283130000000001 0.13894699999999996
0 0.344126 0.412632 0.08584340000000001 0.18105299999999996
0 0.3972043674698795 0.6031579894736843 0.1634232530120482 0.30947399999999997
0 0.7198800075301205 0.6152283368421052 0.1355420030120482 0.266246652631579
0 0.16340400000000002 0.444211 0.09789159999999998 0.22736800000000004
0 0.588855 0.536842 0.12650599999999998 0.256842
0 0.228916 0.527368 0.13554200000000005 0.309474
0 0.212349 0.824211 0.186747 0.34736799999999984
