1 0.821062011577424 0.7993748768472906 0.26815096960926194 0.33721128078817736
1 0.755427 0.87931 0.24891499999999994 0.182266
1 0.27355003617945006 0.7672409975369457 0.17648892908827787 0.40147800492610836
1 0.03979740231548481 0.42830624384236454 0.07959480463096962 0.13353554187192118
1 0.7959480000000001 0.359606 0.09840810000000012 0.16748799999999994
1 0.39724999999999994 0.396552 0.10275 0.157635
1 0.658465991316932 0.3116017733990148 0.10130199710564398 0.12063945812807882
1 0.827786 0.30665 0.06367579999999985 0.11576399999999998
1 0.59479 0.26601 0.06367579999999994 0.103448
2 0.337192 0.252463 0.10130199999999998 0.130542
1 0.6070910000000002 0.6724140000000001 0.17221400000000006 0.26108400000000004
1 0.69754 0.523399 0.14182300000000014 0.3177339999999999
1 0.756874 0.41625599999999996 0.11288000000000012 0.17733999999999997
1 0.457308 0.363301 0.09261939999999995 0.13054199999999996
1 0.37699 0.600985 0.134588 0.3251230000000001
1 0.17579500723589 0.35344800492610834 0.08530931982633864 0.12561600985221677
1 0.500724 0.7992609999999999 0.18523899999999996 0.3423650000000001
1 0.23806100000000002 0.524631 0.10564400000000003 0.192118
1 0.12579683791606366 0.46730725369458126 0.10696493487698987 0.1371785960591133
1 0.22786576700434152 0.3230765147783251 0.04595008683068017 0.12051199507389163
1 0.25611287988422576 0.42051247536945807 0.11148480463096962 0.21538391625615763
1 0.32993447178002894 0.36410209359605916 0.07984740955137481 0.14871699507389163
1 0.15404501447178004 0.5961543472906403 0.16647437047756874 0.22564204433497537
1 0.6881167945007236 0.28782142857142856 0.09416004341534008 0.13717980295566504
1 0.5201362590448625 0.46730769704433495 0.12278392185238783 0.26538460591133006
1 0.935943523878437 0.332692881773399 0.11525043415340087 0.14230881773399015
1 0.9302942981186686 0.4121791995073891 0.13106986975397975 0.22179431034482758
1 0.8903704558610709 0.46794846059113304 0.13860206946454412 0.20512770935960592
1 0.8753054269175109 0.5685900246305419 0.1521619392185239 0.31666724137931035
1 0.3917026049204052 0.222993842364532 0.04533574529667149 0.13117487684729062
