1 0.890014001447178 0.49743590123456793 0.12445700434153402 0.1974359012345679
1 0.7890461722141824 0.39012298765432096 0.09907564399421129 0.167900987654321
1 0.29522400144717803 0.7966288518518518 0.173660998552822 0.3573602716049383
1 0.3975284225759768 0.6464149506172839 0.1398191606367583 0.3466760740740741
1 0.5292216425470332 0.8286088024691358 0.2219752966714906 0.29919261728395063
1 0.751085 0.450617 0.10998599999999979 0.17037000000000002
1 0.237336997105644 0.5633665925925926 0.12156299565846598 0.2164767901234568
1 0.694645 0.553086 0.13024600000000006 0.291358
1 0.4181650868306802 0.3326925925925926 0.06687677279305354 0.15769135802469136
1 0.2490952387843705 0.45576951851851855 0.09693253256150507 0.21923133333333333
1 0.9118472648335745 0.3506408395061728 0.059361910274963826 0.11153807407407407
1 0.6852941678726484 0.317949 0.08415840810419682 0.1282057037037037
1 0.5840454920405209 0.3042208271604938 0.06871075253256151 0.09261513580246913
