1 0.293895 0.3974359011328527 0.09593019767441861 0.2871794850669413
1 0.636187386627907 0.5535443357363542 0.15633273837209302 0.5031677445932029
1 0.46104699999999993 0.405252 0.102326 0.20288399999999993
1 0.7231546220930232 0.8131988362512873 0.21880775581395348 0.367423316168898
1 0.18492129651162792 0.4429487435633367 0.14692368604651163 0.25512825952626156
1 0.1794932761627907 0.28397427909371786 0.07527158720930233 0.10897420185375901
1 0.7776830726744186 0.3923079299691041 0.0962605988372093 0.3
1 0.8732197529069767 0.4685896395468589 0.14258142441860464 0.2987177342945417
1 0.9144742180232558 0.6115382749742533 0.16139923837209302 0.48974322348094745
1 0.3466824302325581 0.8179485839340885 0.27068746511627906 0.35897409886714726
1 0.16284654941860466 0.5903845880535531 0.1577801569767442 0.4782050772399588
1 0.4288294215116279 0.5769232080329557 0.15995162209302324 0.45128231719876416
