2 0.2453796762048193 0.3487150837320574 0.1162767921686747 0.16154418660287082
2 0.16751964608433736 0.47966499999999995 0.0956840813253012 0.18421100478468902
1 0.695783 0.197368 0.060240999999999996 0.10765599999999995
2 0.325301 0.392345 0.10542200000000002 0.15311
1 0.325301 0.393541 0.10542200000000002 0.15550200000000003
1 0.5105420030120482 0.46933186602870813 0.11746999999999999 0.37712526315789474
2 0.5926199924698795 0.6580295454545455 0.1521079969879518 0.2634280861244019
1 0.369729 0.285885 0.07981930000000001 0.131579
2 0.5112950000000002 0.20095700000000002 0.06475900000000001 0.10526300000000001
2 0.42792440512048197 0.150717990430622 0.0658382078313253 0.0861244019138756
2 0.589608 0.296651 0.07078310000000014 0.12440199999999998
2 0.832078 0.557416 0.12801200000000004 0.210526
2 0.9100478990963855 0.8361239832535885 0.17689221385542167 0.22727299043062202
1 0.0685241 0.33134 0.10994 0.13636400000000004
1 0.244729 0.191388 0.049698799999999974 0.09090910000000002
1 0.14382499999999998 0.23923399999999997 0.07680720000000002 0.11004800000000005
1 0.24548199999999998 0.583732 0.14457800000000007 0.23923399999999997
2 0.948042 0.611244 0.10391599999999983 0.1650720000000001
1 0.738705 0.746412 0.1521079999999999 0.3062199999999999
1 0.5718125000000001 0.15961541866028708 0.07344427710843374 0.10641031100478468
1 0.43299569277108435 0.3134613875598086 0.0992706626506024 0.1448714832535885
1 0.7965824623493976 0.3121788995215311 0.09039230421686748 0.28846038277511965
