1 0.524685 0.5692307735247208 0.13165499515972892 0.3820512759170654
1 0.409003 0.392345 0.0745401999999999 0.10207300000000001
1 0.7613749999999999 0.5426513237639554 0.1461760019361084 0.2288923763955343
2 0.683930004840271 0.7428505741626794 0.17328200387221684 0.32929087719298245
1 0.268635 0.5702798724082935 0.17521799612778316 0.25338025518341306
1 0.878509 0.34051000000000003 0.06485959999999993 0.12918699999999994
2 0.473379 0.326954 0.07550820000000004 0.09888359999999996
1 0.3910940029041626 0.7146885406698564 0.14714399806389158 0.45011009569377985
1 0.19893500484027107 0.5479818740031899 0.1326230009680542 0.18314323763955342
1 0.7489854791868344 0.29358931419457734 0.04435624394966118 0.08974322169059011
1 0.5334333881897386 0.403205374800638 0.08948946757018393 0.13205177033492824
