1 0.136218 0.261127 0.04807689999999999 0.12726000000000004
1 0.358618 0.123783 0.04131050000000002 0.07510430000000001
1 0.3660970014245014 0.21747195757997217 0.06481480056980056 0.11443109179415854
1 0.44302 0.08553549999999999 0.04415950000000003 0.08762169999999998
1 0.28953 0.150904 0.04415949999999999 0.11404700000000001
2 0.9047360007122507 0.30000000000000004 0.10078299857549856 0.15128204450625868
1 0.0804843 0.442629 0.0847578 0.31641199999999997
1 0.57817 0.0810153 0.044515700000000054 0.0938804
1 0.182514 0.281641 0.08938750000000001 0.130737
2 0.9111469999999999 0.206885 0.06944440000000021 0.13004199999999996
1 0.334936 0.372045 0.06944439999999996 0.30598099999999995
1 0.32443 0.168637 0.061253600000000005 0.0924896
1 0.037927400284900284 0.36105724965229485 0.06232190170940171 0.12211449930458972
1 0.394943 0.119263 0.04914530000000003 0.08692629999999998
1 0.3967240000000001 0.559458 0.12250700000000006 0.438804
1 0.698362 0.176982 0.06980059999999999 0.142559
1 0.731481 0.132823 0.05270660000000003 0.105702
1 0.589566 0.46105700000000005 0.0851139999999999 0.43393600000000004
1 0.540242 0.12308799999999999 0.05484329999999988 0.10153000000000001
1 0.725605 0.547983 0.13283500000000004 0.28929099999999996
1 0.421474 0.260083 0.08938749999999991 0.21696799999999994
1 0.9033119996438747 0.4070084735744089 0.10576899928774929 0.21658105006954104
1 0.6287389999999999 0.16516 0.06873219999999987 0.142559
1 0.23771400000000004 0.218359 0.06160970000000002 0.0945758
1 0.48593299999999995 0.173853 0.06730770000000003 0.158554
1 0.657229 0.34596699999999997 0.08155270000000006 0.35118199999999994
1 0.496973 0.576843 0.11574100000000008 0.40403300000000003
1 0.575855 0.23783 0.09472930000000006 0.144645
1 0.8589739999999999 0.587622 0.1531339999999999 0.301808
1 0.8162390000000002 0.272949 0.09829060000000023 0.16620300000000005
1 0.494124 0.332406 0.10648100000000008 0.16968
1 0.20370399928774927 0.5056823191933241 0.08689460113960114 0.37019563977746867
1 0.803597 0.379346 0.09793450000000009 0.21905399999999997
1 0.40541912749287756 0.08653832753824757 0.04530205840455841 0.08076896383866482
1 0.5396834045584046 0.07756415507649514 0.055150284900284896 0.08333344228094576
1 0.4287266061253561 0.16410260083449235 0.06565504985754986 0.09743596662030599
1 0.26557415598290596 0.2935897183588317 0.07812946581196581 0.14358968706536857
1 0.6677103151709403 0.12564103616133518 0.04595828703703704 0.10512821974965231
1 0.8472765081908832 0.19871801112656468 0.06499826566951566 0.1205125173852573
