1 0.7723279999999999 0.404467 0.07467059999999986 0.14392099999999997
2 0.333089 0.400744 0.10980999999999998 0.16625299999999998
1 0.9475963323572473 0.47175337468982625 0.08723755490483162 0.16931374689826303
1 0.372621 0.28536 0.0775988 0.13399499999999995
1 0.12737900439238653 0.4379033498759305 0.08491950219619326 0.19119131513647644
1 0.428258 0.153846 0.06295750000000001 0.08933000000000002
2 0.861640007320644 0.4538459553349876 0.08931190336749634 0.13846193548387095
2 0.8199120000000001 0.583127 0.1200589999999999 0.20843699999999993
1 0.901171 0.8548390000000001 0.171303 0.2655089999999999
2 0.8835162884333823 0.34987600496277915 0.08328467057101024 0.15384600496277917
2 0.2540260029282577 0.625 0.13909200585651538 0.22948719602977666
1 0.729868 0.8027299999999999 0.14787700000000004 0.2605459999999999
1 0.8169838945827232 0.275 0.0741337335285505 0.20384615384615387
1 0.7017576866764276 0.537514888337469 0.14318740849194728 0.1934367245657568
1 0.5122248316251831 0.2028136724565757 0.05603057101024891 0.11488878411910669
1 0.3704203074670571 0.19577951612903227 0.0684810541727672 0.13599079404466502
1 0.185383243045388 0.49296626550868494 0.10099196193265006 0.20046945409429281
