1 0.06465459869848157 0.49179914926931106 0.11846319956616053 0.19385470772442587
1 0.359002 0.25574099999999994 0.03796100000000001 0.10229599999999996
1 0.18899100000000002 0.311065 0.0656182 0.13361199999999998
1 0.820228 0.827244 0.27169200000000004 0.33924800000000005
1 0.233731 0.7186850000000001 0.164859 0.537578
1 0.0680586 0.43162800000000007 0.11551 0.22025099999999997
1 0.811551 0.304802 0.06453360000000011 0.12317299999999996
1 0.16974 0.467119 0.09761390000000002 0.18058499999999988
1 0.7114230151843818 0.482785996868476 0.12270697396963123 0.2912130167014614
1 0.7518980016268981 0.40828768789144054 0.09490240238611714 0.17298562630480166
1 0.950108001626898 0.34808088726513575 0.09761389913232105 0.15770022964509395
1 0.42922999999999994 0.33507300000000007 0.06561819999999997 0.13152399999999997
1 0.524132 0.290188 0.04826459999999997 0.10647200000000004
1 0.33432799891540127 0.3214523173277662 0.0580259978308026 0.1608533611691023
1 0.7917570000000002 0.357516 0.09652930000000011 0.20146100000000003
1 0.859002 0.7239039999999999 0.1995659999999999 0.358038
1 0.392354 0.35751599999999994 0.07863339999999996 0.15135699999999994
1 0.918926 0.555324 0.1437090000000001 0.361169
1 0.565347 0.596033 0.14479400000000006 0.26096000000000014
1 0.503796 0.43215 0.10412099999999996 0.258873
1 0.329989 0.574635 0.13394799999999993 0.3705639999999999
1 0.48996699999999993 0.7390400000000001 0.19468499999999994 0.5114820000000001
1 0.6573961496746203 0.3096156106471816 0.07193438177874185 0.1628209707724426
1 0.5644814235357918 0.27435914926931104 0.0672714262472885 0.08461573068893528
1 0.6390795037960955 0.3942306106471816 0.0819245065075922 0.26538429018789145
1 0.38597873915401304 0.24615396659707722 0.047289810195227766 0.09230793319415448
1 0.4755631426247289 0.29102538622129437 0.049288031453362253 0.1615379540709812
1 0.43160349511930585 0.2942305167014614 0.0599448535791757 0.15512769311064717
1 0.27607960683297184 0.3698720354906054 0.0872529338394794 0.22948766179540708
