1 0.7055289999999999 0.303409 0.11057699999999994 0.18863600000000003
1 0.60637 0.5090909999999998 0.14543299999999998 0.22272699999999993
1 0.498197 0.10227300000000002 0.05889419999999998 0.10454500000000001
2 0.9093936478365385 0.344318 0.1216712860576923 0.193182
1 0.147837 0.155682 0.0625 0.129545
1 0.08233169999999998 0.288636 0.08293269999999998 0.163636
1 0.0715144 0.173864 0.0901442 0.134091
1 0.7728369999999999 0.27727300000000005 0.08413459999999996 0.15000000000000002
1 0.41526399999999997 0.111364 0.06370189999999994 0.127273
2 0.8209130000000001 0.5102269999999999 0.134615 0.470455
1 0.288462 0.336364 0.10096200000000002 0.19090899999999997
1 0.2956730000000001 0.22840899999999997 0.09134620000000003 0.17045499999999994
1 0.468149 0.154545 0.07572119999999999 0.13636400000000004
1 0.5306489999999999 0.198864 0.09254809999999992 0.143182
1 0.45673100360576924 0.5218237840909091 0.15865400240384617 0.2845575681818182
1 0.204327 0.467045 0.108173 0.225
1 0.603365 0.231818 0.09375 0.19090899999999997
1 0.206731 0.25 0.108173 0.18636399999999997
1 0.377404 0.303409 0.11057700000000008 0.184091
1 0.357572 0.415909 0.109375 0.21818199999999993
1 0.13882200000000003 0.35227299999999995 0.10937500000000001 0.22272699999999998
1 0.290865 0.621591 0.18509600000000004 0.33863599999999994
1 0.500601 0.376136 0.11177900000000002 0.22954499999999997
1 0.2325567848557692 0.13782051136363635 0.04881671875 0.12435897727272728
1 0.6088508713942308 0.1705132840909091 0.08271652644230769 0.14871888636363637
1 0.6024097475961538 0.13205154545454545 0.08339444711538462 0.10512872727272726
