1 0.033185799999999994 0.451654 0.06637169999999999 0.5114500000000001
1 0.6688789970501475 0.14653072519083968 0.10177000000000001 0.1556564631043257
1 0.415929 0.12341000000000002 0.10914500000000006 0.20610700000000004
1 0.3532450073746313 0.45893533078880405 0.1843660029498525 0.43581936386768444
1 0.6858007227138643 0.6671561577608142 0.15331345132743363 0.2554312977099237
1 0.5247757153392331 0.2217167938931298 0.14689741887905605 0.2639464122137405
1 0.09439530000000002 0.445293 0.17109100000000002 0.295165
1 0.16371699852507374 0.1484193002544529 0.1179939970501475 0.19171040712468193
2 0.7501761430678465 0.2398073409669211 0.1375192772861357 0.17935966921119592
1 0.4115039970501475 0.3367392493638677 0.0914453982300885 0.2221964631043257
1 0.279499 0.243003 0.12536899999999998 0.18066200000000004
2 0.8244840044247786 0.21610872773536896 0.1179939970501475 0.142141475826972
1 0.05162239999999999 0.181934 0.10324499999999999 0.20610699999999998
1 0.5132739970501475 0.46689175572519087 0.15929200589970502 0.282501475826972
1 0.22787600000000002 0.39949099999999993 0.11356899999999999 0.24427499999999996
1 0.5516219999999998 0.78626 0.21828899999999996 0.40203600000000006
1 0.14788387168141592 0.2673079898218829 0.11592886430678467 0.18589801526717556
2 0.20659184365781713 0.6576924936386769 0.17686646017699115 0.4487175572519084
1 0.4752352507374631 0.08269338422391857 0.06019321533923304 0.15769211195928753
