1 0.4774379999999999 0.336186 0.09315869999999996 0.198044
2 0.1870449927219796 0.3359100244498778 0.12372599708879184 0.1692559413202934
1 0.609898 0.215159 0.08442500000000001 0.14180899999999996
1 0.540757 0.497555 0.11499299999999996 0.30562300000000003
2 0.52329 0.229829 0.06550220000000001 0.10757899999999998
1 0.52329 0.229829 0.06550220000000001 0.10757899999999998
1 0.06404660000000001 0.764059 0.125182 0.3691930000000001
1 0.502183 0.116137 0.055312999999999966 0.10513400000000002
1 0.861718 0.347188 0.11935999999999981 0.25916900000000004
1 0.0669578 0.35452300000000003 0.12227099999999999 0.16625900000000007
1 0.978894 0.25183400000000006 0.042212499999999965 0.12224900000000004
1 0.39083000000000007 0.189487 0.07132459999999999 0.13447400000000004
1 0.5371179999999999 0.160147 0.06695779999999991 0.11002400000000001
1 0.670306 0.29217599999999994 0.10043700000000011 0.15403399999999998
1 0.759825 0.6320290000000001 0.14555999999999988 0.344743
1 0.7620090000000002 0.22982899999999998 0.09170310000000004 0.17603899999999995
1 0.42358099999999993 0.260391 0.09315870000000004 0.139364
1 0.7481809999999999 0.391198 0.10480299999999992 0.18092900000000003
1 0.863901 0.5599020000000001 0.13245999999999994 0.19559900000000005
1 0.0655022 0.515892 0.131004 0.22004899999999988
1 0.21251799854439593 0.7792366259168705 0.16011599708879184 0.3799882640586797
1 0.571325 0.32029299999999994 0.08879180000000007 0.176039
1 0.359534 0.141809 0.055312999999999925 0.10268900000000002
1 0.626637998544396 0.7374005012224939 0.15575 0.34915997555012224
1 0.656477 0.447433 0.11062599999999985 0.1760389999999999
1 0.4694043231441048 0.1647433740831296 0.07327286754002911 0.12179442542787287
1 0.4320042940320233 0.12115369193154034 0.05648049490538574 0.13717916870415647
1 0.8834724163027657 0.18910231051344742 0.07403624454148472 0.10897386308068459
1 0.9395716812227074 0.2641030073349633 0.10380278020378457 0.16923163814180928
