1 0.911143 0.3964349999999999 0.11239200000000005 0.18845499999999998
1 0.6310944284341978 0.16468600169779288 0.07486975984630163 0.12224100169779287
1 0.8996159942363112 0.5027783701188455 0.10086499519692603 0.24401826825127337
1 0.769452 0.251273 0.06724299999999998 0.11884600000000002
1 0.7238230019212295 0.2714420373514432 0.07204609990393852 0.16339691001697793
1 0.57733 0.535654 0.12872199999999998 0.480475
1 0.6618640000000001 0.348048 0.08645529999999987 0.17317499999999997
1 0.460134 0.29711399999999993 0.0787704 0.14940600000000007
1 0.369356 0.706282 0.15081699999999995 0.46859100000000004
1 0.11482553314121037 0.29456700339558567 0.07211006724303555 0.14770799660441428
1 0.48415000480307396 0.39533100169779284 0.1075890009606148 0.19066200339558573
1 0.36098060518731984 0.34974500000000003 0.13874979827089337 0.20373499151103566
1 0.23535099903938522 0.6175430730050934 0.13256499519692602 0.37260614601018677
1 0.4803070028818444 0.6814462224108658 0.13064399615754083 0.4910975721561969
1 0.742075004803074 0.7835762563667233 0.18155600384245918 0.4158704753820034
0 0.12259025936599424 0.556409974533107 0.11025848222862632 0.3538455857385399
1 0.5494809462055716 0.20064111205432938 0.04279795389048991 0.11666684210526315
1 0.5048694044188281 0.23461544991511035 0.058030643611911625 0.12820543293718167
1 0.5824858741594621 0.32307690152801355 0.10590625360230549 0.17435893039049236
1 0.820050432276657 0.20897453310696096 0.06310951008645534 0.12051273344651953
1 0.3543517098943324 0.5096153820033955 0.12549200768491836 0.267948726655348
1 0.9413981748318924 0.6907801358234296 0.1123583093179635 0.3461001697792869
