1 0.6469800026723678 0.3217987765419616 0.0764297006948156 0.14103344792719918
1 0.8089696312132548 0.8505418503538928 0.24630473543559595 0.2908273003033367
1 0.32522699999999993 0.334682 0.058257600000000055 0.14964600000000003
1 0.5534469989310529 0.29840749747219414 0.05932660074826296 0.09681499494438826
1 0.34927799839657936 0.2779406926188069 0.04008549973276323 0.08921471183013145
1 0.38054499999999997 0.263903 0.04062000000000003 0.09100100000000003
1 0.1702299973276323 0.4823015975733063 0.08925709780865848 0.1799878058645096
1 0.432122 0.34984800000000005 0.07642970000000003 0.12537900000000002
1 0.7770777605558525 0.3776540040444894 0.09397451630144309 0.17290200202224468
1 0.7453229999999998 0.42366 0.09780870000000014 0.17391300000000004
1 0.8054520000000001 0.32406499999999994 0.0555853 0.12032399999999997
1 0.699359 0.516178 0.11705000000000011 0.336704
1 0.18573 0.332154 0.0646713 0.12639
1 0.518974 0.30637 0.05451629999999995 0.09909000000000003
1 0.9153456360235169 0.451923078867543 0.11479273650454302 0.198717947421638
1 0.386157 0.374115 0.0871192 0.13953499999999994
1 0.4816442169962587 0.7482309959555106 0.21181743452699092 0.46916100101112235
1 0.9014006199893106 0.5652170020222448 0.13840676643506147 0.32558100101112236
1 0.555318 0.597068 0.14965300000000006 0.267947
1 0.8532094307856761 0.7583420020222447 0.18027213789417423 0.4024269969666329
1 0.49438800000000005 0.44186 0.10582600000000007 0.25480300000000006
1 0.330839 0.58089 0.117584 0.36299300000000007
1 0.07522315606627472 0.4538461425682508 0.09894225013361838 0.2410256117290192
1 0.2717515927311598 0.3814105005055612 0.07996661678246926 0.21153895854398383
1 0.6251643773383218 0.3942309251769464 0.09013196151790487 0.22692338725985844
1 0.9355442731159808 0.4051282204246714 0.09148761624799572 0.2410256622851365
