1 0.4054063196480938 0.6755450000000001 0.1276033724340176 0.36319600484261505
1 0.370968 0.569007 0.07038120000000005 0.15012100000000003
1 0.831482624633431 0.35588263922518154 0.05592715542521994 0.10663709443099273
1 0.8922290029325514 0.6087275423728813 0.1568909970674487 0.28767309927360774
1 0.7148089999999999 0.57385 0.14516099999999998 0.2711859999999999
1 0.158358 0.40314800000000006 0.08211140000000003 0.11864399999999996
1 0.535924 0.35109000000000007 0.07478009999999996 0.101695
2 0.391496 0.48547199999999996 0.10557200000000003 0.22518200000000002
1 0.0307918 0.48426199999999997 0.0615836 0.1501210000000001
1 0.902493 0.527845 0.13636400000000007 0.20823199999999994
1 0.7905549633431084 0.38135599273607745 0.09430552785923754 0.12348699757869248
1 0.33871 0.319613 0.07038120000000005 0.08716709999999996
1 0.3944601319648094 0.4866830024213075 0.10856826979472141 0.22760300242130752
1 0.771994 0.473366 0.08944279999999999 0.16222799999999996
1 0.5520529999999999 0.8486679999999999 0.20674499999999993 0.25907999999999987
1 0.4582109999999999 0.416465 0.08651029999999994 0.12590800000000005
1 0.637795857771261 0.7275033535108959 0.19641370967741936 0.2447502905569007
1 0.236804 0.5726389999999999 0.118768 0.21549599999999997
1 0.11296225073313783 0.5211537530266344 0.10636288856304986 0.14230750605326878
1 0.21544354838709678 0.3756408353510896 0.0551217008797654 0.11794835351089589
1 0.24611064516129033 0.46987210653753025 0.11956170087976539 0.2115390799031477
1 0.42001832844574777 0.3371794309927361 0.07453225806451613 0.1153844794188862
1 0.1556633357771261 0.6455123244552058 0.1653683431085044 0.22692208232445518
1 0.5912087536656891 0.3160251694915254 0.06133322580645161 0.0910247215496368
1 0.6513779985337244 0.3910253631961259 0.10248153958944281 0.17179430992736075
2 0.525217008797654 0.5262815859564165 0.12033724340175952 0.27051188861985476
2 0.591985564516129 0.47499974576271187 0.07065057184750732 0.20897387409200968
1 0.8784670087976539 0.8320510290556901 0.2430043988269795 0.2948713075060533
1 0.9328137463343107 0.3647438377723971 0.10325813782991203 0.1115389588377724
