1 0.427641 0.250591 0.06222870000000003 0.0851064
1 0.474674 0.43853400000000003 0.08972499999999993 0.19148900000000005
1 0.355281997105644 0.2616110874704492 0.06801739507959478 0.10241886524822695
2 0.8762660000000001 0.658392 0.14905900000000002 0.1867609999999999
2 0.4163447684515195 0.3685897399527187 0.09496270622286541 0.11666666666666667
2 0.975398 0.371158 0.04920409999999983 0.08983450000000004
1 0.742401997105644 0.5083379078014184 0.10130199710564398 0.1987088179669031
2 0.691028 0.277778 0.06801740000000005 0.09692670000000002
2 0.8574530000000001 0.42434999999999995 0.13748199999999994 0.20567399999999994
2 0.494211 0.229314 0.06222870000000003 0.09456260000000001
2 0.46526799999999996 0.29550799999999994 0.06801739999999996 0.0992908
2 0.062228700000000005 0.62766 0.124457 0.21985800000000014
2 0.751809 0.7186760000000001 0.1693199999999999 0.26477500000000004
1 0.21128799999999998 0.832151 0.19681599999999996 0.25531900000000013
2 0.6613599999999998 0.408983 0.09840809999999987 0.14184399999999991
2 0.603473 0.340426 0.09551369999999985 0.11820300000000004
2 0.388567 0.309693 0.08538350000000008 0.10401899999999999
2 0.9319829999999999 0.386525 0.10130200000000002 0.12529599999999996
2 0.539797 0.286052 0.081042 0.08037820000000001
2 0.759768 0.3617020000000001 0.10130200000000009 0.1513
2 0.652677 0.5520090000000001 0.11866899999999997 0.16312100000000004
1 0.058728328509406666 0.4719780260047281 0.10587946454413893 0.17472527186761228
1 0.3994711143270622 0.21025622931442078 0.0486583502170767 0.09743553191489361
1 0.4571555716353111 0.21346190307328605 0.04944283646888567 0.07051354609929078
2 0.5183708683068017 0.34743599290780136 0.06984871201157743 0.11282068557919621
2 0.5744853617945007 0.43525677304964544 0.09417833574529667 0.16025713947990544
1 0.7965882199710564 0.25961502364066197 0.058076816208393625 0.08333260047281324
2 0.8840951230101304 0.30897463356974 0.062000781476121564 0.10512874704491726
1 0.821702047756874 0.31730760047281326 0.06592441389290883 0.09102546099290781
2 0.5354682633863965 0.5857141962174941 0.10897664254703328 0.27912106382978724
