1 0.148735 0.321496 0.06234410000000001 0.10370800000000001
1 0.30530799999999997 0.216845 0.0413253 0.08673790000000002
1 0.405059 0.190446 0.056287899999999925 0.08296669999999999
2 0.40213035803348773 0.4904089220615965 0.12555728892055573 0.21148984915147706
2 0.496695643035269 0.617948717787555 0.13592871392946204 0.40512820867379007
1 0.715176 0.301697 0.07160670000000001 0.26901299999999995
1 0.555753 0.18636099999999997 0.0562879 0.09113759999999997
1 0.4999999982187389 0.24682748900062854 0.07018169932312077 0.14493702702702702
1 0.876737 0.605594 0.16957599999999984 0.28347
1 0.19202 0.32621000000000006 0.10402600000000001 0.12444999999999998
1 0.343783 0.4066620000000001 0.08621299999999997 0.24764299999999997
1 0.596901 0.151477 0.04738149999999994 0.08296669999999998
1 0.25543299964374777 0.2750701445631678 0.06270039900249377 0.08090951602765556
1 0.6458850000000002 0.223444 0.06911289999999992 0.12005
1 0.213395 0.44023170647391574 0.09975059850374066 0.14004940917661848
1 0.340577 0.230044 0.06198790000000001 0.09428030000000004
1 0.917349 0.346637 0.09547560000000001 0.13764900000000005
2 0.9193090007125045 0.4497699560025142 0.10224400071250446 0.17902708988057828
1 0.5144280000000001 0.37240699999999993 0.10545099999999999 0.14267799999999997
1 0.8382609992874956 0.3229887492143306 0.07053790167438546 0.14597749842866123
1 0.590132 0.288812 0.07231919999999996 0.12507900000000002
1 0.6683290007125045 0.3932221653048398 0.08265049875311721 0.31977766813324954
1 0.741539 0.587995 0.1542570000000001 0.23821500000000004
1 0.4349839989312433 0.31831443431803896 0.08407550053437834 0.19303912633563797
2 0.797114 0.421747 0.1179189999999999 0.17976100000000003
1 0.09255843605272533 0.48792306725329976 0.08919732810830068 0.2937948585795097
1 0.600285 0.47548699999999994 0.10473799999999998 0.3651789999999999
1 0.4581611863199145 0.1608975235700817 0.04287320983256145 0.0910258202388435
1 0.5024876718916993 0.1820513136392206 0.051593234770217315 0.07692314267756128
1 0.44399109369433565 0.22051292583280954 0.07411970074812968 0.09230790069138907
1 0.38077158354114715 0.27820501571338785 0.06249317064481653 0.09999977372721558
1 0.2801286337727111 0.3467949591451917 0.08501954043462771 0.1192309490886235
1 0.6837901496259352 0.19294877435575108 0.04069330245814037 0.09358956631049654
1 0.7513697167794798 0.19743588937774983 0.04941304239401496 0.09487177875549968
1 0.9210456768792306 0.21538464802011315 0.07193981118631991 0.11282057196731617
1 0.8527392322764518 0.2538460967944689 0.07339292839330246 0.12051270898805781
1 0.9239522568578554 0.2570512256442489 0.0850196045600285 0.1141024512884978
