0 0.24098538318073923 0.14429012399256044 0.08356410647677179 0.13425925604463732
0 0.8665649999999999 0.37662699999999993 0.09053920000000013 0.16181
0 0.814174 0.287973 0.0651067999999999 0.13081200000000004
0 0.16208900000000004 0.12523200000000004 0.06714140000000003 0.11159300000000001
0 0.336216 0.16429000000000002 0.06612410000000007 0.189709
0 0.37233 0.35997801921884687 0.075957999321804 0.14303296342219465
0 0.268905 0.0846249 0.05968119999999999 0.108493
0 0.242116 0.638872 0.10105100000000002 0.4792309999999999
0 0.34198 0.634532 0.10817200000000005 0.4271539999999999
0 0.424042 0.09640419999999998 0.052560199999999994 0.09733419999999998
0 0.4014582689047135 0.20448704587724736 0.061007504238724995 0.1192304959702418
0 0.3976014733808071 0.27628197148171113 0.0701236046117328 0.1346152262864228
0 0.13113137504238723 0.35256410105393676 0.09396580196676839 0.166666664600124
0 0.7008866158019669 0.10576924674519529 0.04137291963377416 0.09102567265964043
0 0.7405066124109867 0.12051290142591445 0.03225703628348593 0.0717950278983261
0 0.7930992946761614 0.15512826720396775 0.04487906408952188 0.10000013019218847
0 0.6668765683282469 0.20961531308121514 0.05469650729060699 0.10897396156230627
0 0.623750554425229 0.10961544947303162 0.042775473041709054 0.09102576565406074
0 0.6461902085452697 0.3762821295722257 0.08484983045100034 0.16025657160570367
0 0.8253563479145473 0.21794867947923122 0.05750161410647677 0.10769222566646001
0 0.8958306205493387 0.292307771233726 0.05679993218040013 0.12820528828270303
0 0.9571888911495422 0.3884614817110973 0.084148497795863 0.16410245505269686
