1 0.16890299999999997 0.15594700000000003 0.04595769999999998 0.11286400000000002
2 0.23347899999999996 0.163835 0.05836969999999997 0.0898058
2 0.626803 0.408374 0.09627640000000007 0.15898100000000004
2 0.34669599966454206 0.1732501547330097 0.058034199932908426 0.10252868325242719
2 0.718551 0.17233 0.06038239999999993 0.10558299999999997
1 0.6657159979872526 0.6872806523058254 0.11640399865816839 0.4591766929611651
2 0.40221399999999996 0.303398 0.06977519999999997 0.14198999999999998
2 0.3119759979872526 0.22142614077669903 0.08118079838980208 0.12125027912621358
2 0.661858 0.232403 0.07245890000000003 0.10679599999999995
2 0.616404 0.13834999999999997 0.041932199999999996 0.08373789999999999
1 0.308286 0.294296 0.06574970000000001 0.137136
1 0.959913 0.42324000000000006 0.08017440000000013 0.14987899999999998
1 0.7457229999999999 0.233617 0.07782620000000005 0.10315500000000002
2 0.5877168483730292 0.318265 0.09527990271720899 0.10983
1 0.200604 0.21632300000000002 0.07916810000000003 0.11347099999999999
2 0.7368330000000001 0.4162620000000001 0.10634000000000009 0.151699
1 0.7980540003354579 0.32073075849514565 0.09124449849043945 0.1158204854368932
2 0.579 0.226032 0.08118080000000001 0.10861699999999999
2 0.854076 0.424757 0.12344899999999993 0.14077699999999999
1 0.0353908 0.542779 0.0707816 0.175364
1 0.693224 0.31917499999999993 0.08956729999999993 0.13106799999999996
1 0.182154 0.299454 0.09325730000000002 0.12924800000000003
2 0.831768 0.229976 0.07011070000000011 0.11771799999999999
1 0.9051325545119089 0.3094660012135922 0.09647778933243877 0.146845
2 0.077323 0.284587 0.0929218 0.15655300000000003
1 0.263334 0.396541 0.10466300000000003 0.16565500000000002
2 0.947835999664542 0.6859442415048544 0.1043270010063737 0.3975295145631068
1 0.132841 0.206917 0.07111709999999999 0.12378600000000001
1 0.281785 0.119842 0.059040599999999985 0.09162619999999998
2 0.3423350016772895 0.6603325121359224 0.1184170010063737 0.4693829733009709
1 0.4224224236833277 0.18589733616504855 0.05103103321033211 0.09487158980582523
1 0.7626281449178127 0.13653853155339804 0.051030862126803085 0.08076881067961166
1 0.638949315665884 0.1807691292475728 0.0602449446494465 0.1051280036407767
1 0.5698449278765515 0.18012835254854367 0.08505150620597116 0.10384645024271845
2 0.13324735659174775 0.3775639866504854 0.1460051190875545 0.16282027912621358
1 0.6853580207983898 0.13971625910194174 0.061164535390808454 0.07801408373786407
