1 0.029850708955223886 0.47740117359413203 0.05970150746268657 0.11121261613691931
1 0.600746 0.3070290953545232 0.06417910447761194 0.08594180929095355
2 0.796269 0.393643 0.1029850000000001 0.16625900000000002
1 0.41791 0.345966 0.08358210000000002 0.15892400000000007
1 0.5636407089552239 0.8190569559902201 0.20787741791044778 0.3080399266503668
1 0.9035607985074627 0.6012820537897311 0.15108640298507464 0.31794870415647924
1 0.170896 0.633252 0.09104479999999998 0.19559900000000005
2 0.538806 0.34229800000000005 0.07164180000000014 0.11246900000000007
1 0.236567 0.5745720000000001 0.09701489999999997 0.205379
1 0.46343299999999993 0.40586800000000006 0.07313429999999999 0.117359
1 0.8476234477611939 0.8539194987775062 0.2206199104477612 0.23348002444987775
1 0.710448 0.5539558190709046 0.134328 0.251501369193154
2 0.152239 0.398533 0.08059700000000002 0.10268899999999997
1 0.1119155 0.49743602689486555 0.11582870149253732 0.1615387041564792
1 0.20817851492537312 0.3621794498777506 0.05791461194029851 0.11153841075794621
1 0.5955781641791045 0.4397440586797066 0.06730635820895522 0.18205222493887532
1 0.5243588582089552 0.5230763936430318 0.12052407462686568 0.2641014914425428
1 0.943455067164179 0.4307689486552568 0.1087853880597015 0.21538630806845965
1 0.6587468507462686 0.38131814180929097 0.09928176119402986 0.1956033251833741
