2 0.5923749999999999 0.41080400000000006 0.08504399999999988 0.349246
2 0.5967739956011731 0.6903688190954774 0.17888599706744868 0.2474043216080402
1 0.5923750073313783 0.40847512562814076 0.08504400293255132 0.34458824120603015
1 0.641496 0.25502500000000006 0.05131960000000002 0.11809000000000003
2 0.949413 0.486181 0.09237540000000001 0.16331699999999993
2 0.725806 0.801508 0.164223 0.271357
1 0.25953099999999996 0.36809 0.08504400000000001 0.17336699999999994
2 0.8064519941348974 0.5791041708542713 0.13783 0.20845834170854272
2 0.395894 0.542714 0.13196499999999997 0.39698499999999987
2 0.516129 0.28015100000000004 0.07038120000000005 0.11809000000000003
1 0.184018 0.49371899999999996 0.11290300000000004 0.21356799999999995
1 0.3206932551319648 0.41657322864321605 0.14160457478005864 0.1899304773869347
2 0.246334 0.635678 0.15542500000000004 0.23115599999999986
2 0.36070399560117306 0.21365192211055278 0.06744869501466276 0.1606371608040201
1 0.041788900000000004 0.316583 0.08064520000000001 0.11557799999999997
1 0.192082 0.298995 0.10557200000000001 0.20100500000000002
1 0.245601 0.20477400000000004 0.054252199999999966 0.08793970000000002
1 0.9530789999999999 0.39572899999999994 0.07917890000000007 0.123116
1 0.12756599999999998 0.432161 0.09384159999999998 0.190955
2 0.937683 0.6507539999999999 0.12170100000000003 0.20100499999999993
2 0.7653959999999999 0.42085399999999995 0.08211139999999995 0.1381910000000001
1 0.278592 0.24497499999999997 0.08504400000000001 0.17336699999999997
2 0.512463 0.46733700000000006 0.104106 0.326633
1 0.08267354838709678 0.3634610552763819 0.11447108504398829 0.22692211055276382
1 0.8719997214076247 0.3589737814070352 0.0830474780058651 0.16666550251256282
1 0.7803484897360704 0.3314108668341708 0.08379645161290322 0.14230891959798994
2 0.6838336143695015 0.517948203517588 0.130183211143695 0.22820409547738696
2 0.8989698387096775 0.8563892211055275 0.1614591495601173 0.2778429145728643
1 0.5134530791788856 0.20926172110552763 0.06773020527859237 0.11840620603015076
