1 0.7040069977426636 0.5925878134403209 0.0660270993227991 0.12876537612838515
2 0.729966 0.9042130000000002 0.13826199999999988 0.18956899999999993
2 0.642212 0.805918 0.09255079999999992 0.18355100000000002
1 0.4269190011286682 0.6762111685055164 0.06828440180586907 0.16011465396188565
1 0.59509 0.648445 0.05474040000000006 0.15345999999999982
1 0.642212 0.8054159999999999 0.09255079999999992 0.1825479999999999
2 0.46726899999999993 0.741725 0.08126409999999998 0.19558699999999996
1 0.7652369977426637 0.6437229137412237 0.0744920993227991 0.12077916750250753
0 0.6083520005643341 0.8301282046138414 0.10496599887133183 0.3397435907723169
0 0.744074 0.767803 0.09537250000000015 0.18555699999999997
2 0.5128543340857787 0.8285570411233701 0.10440199774266365 0.19160387161484452
0 0.21557599999999996 0.747242 0.10270899999999995 0.1765300000000001
0 0.849323 0.874624 0.09932279999999995 0.22266800000000012
1 0.1987276862302483 0.8647434353059178 0.13777487584650114 0.22435866599799398
0 0.7613687923250565 0.5782053460381144 0.06708408577878104 0.12564146439317952
0 0.8335023306997743 0.7243587813440321 0.07574025959367946 0.24358935807422266
0 0.498442164221219 0.5756414242728184 0.033181134311512414 0.0948716148445336
1 0.6571360411963882 0.7128207321965898 0.09665906884875845 0.15641069207622868
2 0.6492319413092551 0.57304962888666 0.050278781038374715 0.08510635907723169
