1 0.929398 0.09760589999999998 0.09722220000000001 0.139963
1 0.11267830439814815 0.3420810036832413 0.18668140046296297 0.31583799263351753
2 0.0700231 0.230203 0.119213 0.18047899999999997
1 0.7893520023148148 0.19130908839779004 0.10648099537037037 0.17635618784530385
2 0.7444978645833333 0.5174949907918969 0.24494302083333336 0.3793739963167587
1 0.15496714699074074 0.6675869981583793 0.28497369212962964 0.5285450092081031
1 0.6001160069444444 0.3340136556169429 0.10995400462962962 0.2270016758747698
1 0.6944440046296297 0.24430159300184162 0.14120400462962962 0.22962882136279927
1 0.364583 0.157459 0.09722220000000001 0.219153
1 0.26331 0.37108700000000006 0.15625000000000003 0.3112340000000001
1 0.400463 0.403315 0.136574 0.364641
1 0.22761546296296298 0.1785519429097606 0.12810307870370372 0.1622320994475138
1 0.6449899421296296 0.18397393186003683 0.06848770833333334 0.13974274401473297
2 0.6304867361111112 0.11538468692449357 0.09749412037037038 0.15128219152854513
