1 0.7121499999999998 0.19269700000000003 0.06424940000000003 0.113483
1 0.223601 0.36573 0.11132299999999999 0.24831500000000004
1 0.27321899809160305 0.27256542134831463 0.08842239821882952 0.17846416853932584
1 0.4812340012722647 0.7027443595505618 0.22201 0.5560497303370786
1 0.817372891221374 0.660724488764045 0.20599277989821882 0.6470900112359551
1 0.6580790012722646 0.30348612921348317 0.09478370229007634 0.3058482584269663
1 0.8260180025445292 0.22994087078651684 0.07824430025445292 0.12986185393258426
1 0.16382021946564884 0.5089890056179776 0.14182456106870228 0.341573
1 0.111641 0.33427000000000007 0.0935114 0.13595499999999994
1 0.558206 0.21348299999999998 0.07951649999999995 0.19775299999999998
1 0.352098998091603 0.3408958707865169 0.13422400127226464 0.1946122584269663
1 0.318066 0.468539 0.173028 0.260674
1 0.763359 0.294382 0.10178099999999986 0.262921
1 0.6453559987277354 0.7011235 0.19402 0.597753
1 0.303753 0.6685390000000001 0.23473299999999991 0.42921300000000007
1 0.48982200381679397 0.42054892134831456 0.15903300254452926 0.24879015730337078
1 0.1491606234096692 0.7544871966292135 0.2954179389312977 0.4884615617977528
1 0.37707560114503813 0.1942303370786517 0.09218213104325701 0.25256404494382023
1 0.45873290712468195 0.29166673595505616 0.11032807888040713 0.20384630337078652
1 0.07367303753180661 0.5333335617977528 0.14589438295165394 0.2923081573033708
