1 0.0334928 0.256276 0.0669856 0.253138
1 0.6372145454545455 0.48007164225941423 0.1968619138755981 0.3703996861924686
1 0.083134 0.358787 0.161483 0.2907950000000001
2 0.864234 0.67887 0.27153099999999997 0.4330540000000001
1 0.23863599999999996 0.641213 0.269139 0.5
1 0.6494724880382774 0.3666669351464435 0.18032775119617223 0.28461592050209206
1 0.2528985885167464 0.19423074267782428 0.11728655502392343 0.23974353556485356
1 0.8715834090909091 0.5057689121338912 0.2521657177033493 0.3269224267782427
1 0.8855112559808612 0.36858971757322173 0.22577653110047846 0.29102558577405857
1 0.7125136483253588 0.25897384937238493 0.10848944976076555 0.2769225941422594
1 0.4566050358851675 0.45460998953974896 0.27088083732057416 0.6794327405857741
