2 0.584165 0.687648 0.14122699999999994 0.2826599999999999
2 0.614836 0.22090299999999996 0.0627675000000001 0.09501189999999998
1 0.634807 0.344418 0.05420829999999995 0.23277900000000004
2 0.0798859 0.370546 0.0970043 0.10451299999999995
1 0.404422 0.555819 0.109843 0.37529700000000005
1 0.67903 0.543364216152019 0.10841700427960058 0.2149335629453682
1 0.2592634593437946 0.6757078741092636 0.15903992867332384 0.3870457719714964
1 0.0791726 0.370546 0.09557770000000002 0.10451299999999995
1 0.559914 0.256532 0.05563480000000003 0.11401400000000003
2 0.808845 0.609264 0.11982900000000002 0.17339700000000005
2 0.505706 0.239905 0.06134090000000007 0.10451300000000002
1 0.05420830000000001 0.332542 0.05991440000000001 0.11401400000000006
1 0.5085590014265335 0.4799029453681711 0.10413700427960057 0.3418571496437055
1 0.587018994293866 0.3998717695961995 0.08131239657631954 0.2771795486935867
1 0.250357 0.23277900000000004 0.05278170000000001 0.08551070000000005
1 0.415121 0.359857 0.09415120000000002 0.14489299999999994
1 0.160485 0.27791 0.06990010000000002 0.10926400000000001
1 0.6825959999999999 0.300475 0.06134090000000007 0.220903
2 0.584165 0.689583812351544 0.14122700427960058 0.274039406175772
2 0.940086 0.414489 0.07132669999999992 0.11639000000000001
2 0.8609130000000002 0.377672 0.08131239999999999 0.142518
1 0.42368 0.191211 0.05706129999999996 0.08313540000000001
1 0.36234 0.324228 0.08559200000000003 0.13064099999999998
1 0.285307 0.273159 0.07132669999999997 0.17577200000000004
1 0.32168299572039943 0.45373134204275534 0.11269600570613408 0.1758706650831354
1 0.135521 0.463183 0.0884451 0.19002399999999992
1 0.9243939999999999 0.652019 0.11697599999999986 0.18289799999999992
2 0.8894440000000001 0.8539190000000001 0.15263899999999989 0.258907
2 0.716833 0.790974 0.15263900000000005 0.26603299999999996
1 0.7953709343794579 0.35448697149643704 0.04157767475035663 0.1192303325415677
1 0.8461889087018546 0.4679487173396674 0.09393601997146932 0.1461538242280285
1 0.9378142582025677 0.5006410332541568 0.0846955634807418 0.15256410926365796
1 0.19287543509272467 0.5134616270783848 0.11164427960057062 0.20384634204275534
2 0.2005752924393723 0.3282046674584323 0.11626453637660486 0.18974268408551068
1 0.6533131241084165 0.2006406888361045 0.04388730385164052 0.08589676959619952
1 0.6048050570613409 0.18140979809976246 0.05466663338088445 0.08333242280285034
1 0.5613026462196861 0.20705070071258905 0.05543750356633381 0.09102448931116389
1 0.4423435592011412 0.2749998812351544 0.0839262910128388 0.10897410926365797
1 0.5120251640513551 0.3064097387173397 0.0708369757489301 0.11281947743467934
1 0.26367612696148357 0.38348742280285036 0.0824851212553495 0.15895109263657956
