1 0.13404800000000003 0.247335 0.05446240000000002 0.113717
1 0.182888 0.25764 0.0797611 0.15138600000000002
1 0.571153 0.0831556 0.04813770000000007 0.125089
1 0.07413910049191849 0.42659381663113005 0.08573439915671117 0.29677737029140017
1 0.3891770309205903 0.42602362117981524 0.12045093464511596 0.2351322459132907
2 0.182186 0.258351 0.07905829999999996 0.14854299999999995
1 0.615425 0.143213 0.06781450000000014 0.13006399999999999
1 0.38580499999999995 0.0945274 0.047083599999999955 0.0852878
2 0.233134 0.19545099999999999 0.0551651 0.09808100000000002
1 0.321153 0.129709 0.0625439 0.11727100000000003
2 0.5669219659170766 0.4420749964463397 0.10579106465214336 0.44633999999999996
1 0.21029499999999998 0.38877000000000006 0.0741391 0.17626200000000003
1 0.233134 0.194741 0.05446240000000004 0.09808099999999997
1 0.26546 0.271144 0.07624739999999998 0.144279
1 0.356641 0.194741 0.061138400000000016 0.120824
1 0.8459239985945186 0.5807692288557214 0.1409 0.33076923240938166
1 0.03250179901616304 0.3351184896943852 0.055867898805340835 0.121519026297086
1 0.803085808151792 0.2410779495380242 0.10148758257203093 0.17626199715707178
1 0.43710499999999997 0.0536603 0.04146170000000006 0.0859986
2 0.8796900685172172 0.26566359275053303 0.11272086085734363 0.14671180525941718
1 0.719431 0.10696499999999999 0.05235419999999997 0.10732100000000001
1 0.479093 0.5639660000000001 0.132467 0.410092
1 0.705903 0.548685 0.1475759999999999 0.27007800000000004
1 0.285488 0.12651 0.055867899999999956 0.113717
1 0.4774205551651441 0.15153750888415068 0.07256639494026704 0.15179297085998578
1 0.642832 0.31627600000000006 0.0860856999999999 0.33546600000000004
1 0.314476 0.364606 0.09346450000000003 0.338308
1 0.530569 0.0987918 0.05762470000000007 0.109453
1 0.882818 0.39161300000000004 0.10646499999999998 0.201848
1 0.564828 0.214286 0.08327480000000007 0.14143600000000003
1 0.410331818341532 0.23738500355366027 0.0892480990864371 0.23027700071073204
1 0.48525038123682357 0.3108974378109453 0.09836713633169361 0.18076923240938167
1 0.782677 0.366382 0.10224899999999998 0.20824399999999996
1 0.9000216496837667 0.18653837953091684 0.07986112789880534 0.13974342572850035
1 0.8394920537596626 0.17564110874200425 0.053874641602248766 0.13589759772565743
1 0.6826221011946592 0.14935883795309168 0.06338193956430077 0.14487152096659558
1 0.6553678706957133 0.10000011016346837 0.04943783555867885 0.1051284221748401
1 0.5267027266338721 0.0506410803127221 0.05577585382993675 0.1012821606254442
1 0.4747297821503865 0.0916665316275764 0.05070557976106816 0.0935894669509595
1 0.4167354321855235 0.13269217128642502 0.0678186647926915 0.11153818763326227
