1 0.0824242 0.800254 0.164848 0.37913499999999994
1 0.647879 0.580700534351145 0.12727300606060607 0.20755491094147582
1 0.9381820000000001 0.5487179516539441 0.08242419393939394 0.21538460559796438
1 0.581212 0.5674299999999999 0.08363640000000004 0.1832059999999999
1 0.19393900606060607 0.6922343765903308 0.19393900606060607 0.3203662086513995
1 0.2873191636363636 0.7423076972010177 0.2326336727272727 0.45641025445292616
1 0.0921212 0.614504 0.150303 0.3027990000000001
1 0.45712606060606065 0.8160256361323156 0.2913139393939394 0.36794872773536896
1 0.6232424242424242 0.4903847073791348 0.039696969696969696 0.13717969465648855
1 0.4867458727272727 0.5384614376590331 0.08183673939393939 0.17179468193384223
