1 0.20353477430555553 0.6709680257009345 0.1670054513888889 0.6393719392523364
1 0.7441444386574074 0.4868557827102804 0.16421586805555555 0.32885254672897196
1 0.040509299768518525 0.43233910046728974 0.07638890046296297 0.2287807710280374
1 0.6637729999999998 0.11565399999999999 0.052083300000000006 0.09579439999999999
1 0.173611 0.314252 0.108796 0.22663600000000006
1 0.328704 0.14486 0.05324070000000005 0.12616799999999997
1 0.08622689999999998 0.48130799999999996 0.16088 0.28037400000000007
1 0.15625 0.24065400000000003 0.09490739999999999 0.13551399999999997
1 0.109375 0.21612099999999998 0.06597219999999997 0.14252299999999998
1 0.271412 0.34229 0.100694 0.24532699999999996
1 0.631944 0.142523 0.0625 0.12149499999999999
1 0.244792 0.181075 0.0798611 0.14252299999999998
2 0.9282410069444444 0.39819072429906543 0.14351900462962963 0.19894556074766356
1 0.347222 0.377336 0.09027779999999999 0.24532699999999996
2 0.909144 0.767523 0.18171300000000018 0.42757000000000006
2 0.579282 0.424065 0.12615700000000005 0.296729
1 0.66088 0.314252 0.11342600000000008 0.25
1 0.47743099999999994 0.647196 0.197917 0.299065
1 0.697329056712963 0.6857480140186915 0.18925688657407408 0.3574770093457944
1 0.537616 0.227804 0.09375 0.170561
1 0.8653106018518519 0.16794875000000004 0.04509175925925926 0.1461539018691589
1 0.7735401678240741 0.15705119158878506 0.0673201273148148 0.1397434112149533
2 0.9348530266203704 0.3025639485981308 0.1270184837962963 0.1846150934579439
1 0.9392982407407409 0.5307689602803738 0.11939657407407409 0.2999994626168224
1 0.5877761747685185 0.18141058411214955 0.05525320601851852 0.1397442523364486
1 0.5611023263888889 0.12948753504672897 0.04509164351851852 0.1256417523364486
1 0.7883768229166667 0.3567375 0.12647783564814816 0.24255303738317757
