1 0.3874335009487666 0.357252417519909 0.07775709677419355 0.1478381683731513
1 0.242884 0.511377 0.0948767 0.28327599999999986
2 0.332385 0.5486194766780432 0.08032889943074004 0.2998030489192264
2 0.7849459993674889 0.7048065017064846 0.14800800126502214 0.4903869965870307
2 0.38559579063883614 0.4115384584755404 0.07400380139152435 0.13846153583617749
2 0.7944059266287159 0.4993589704209329 0.1204617330803289 0.22179486916951083
1 0.321316 0.3310580000000001 0.054395999999999986 0.10238899999999997
2 0.18975300126502212 0.4766866154721274 0.06451609740670462 0.2661937542662116
2 0.6271349968374447 0.6529733560864619 0.13852 0.42995071672354945
1 0.516762 0.33617699999999995 0.06704620000000003 0.0967008
1 0.7384569999999999 0.375427 0.07273880000000005 0.125142
2 0.4326380000000001 0.5938570000000001 0.12650200000000003 0.36860099999999996
1 0.715054 0.426052 0.08918409999999995 0.18998899999999996
2 0.5045858791903858 0.4778159954493743 0.08254304237824162 0.24345799772468715
1 0.6755219987349779 0.4816462059158134 0.08855160025300443 0.18286142207053468
1 0.23949795698924728 0.3692307679180888 0.06272578115117014 0.1282051308304892
1 0.36387994307400384 0.30320534698521046 0.049182555344718534 0.10128213879408418
1 0.6048035800126502 0.35897422639362914 0.0962271220746363 0.17435871444823664
