1 0.314079 0.19827599999999998 0.06257519999999991 0.12068999999999999
1 0.865223 0.181034 0.06498200000000015 0.13793099999999997
1 0.1618529963898917 0.22481759698275863 0.06618529482551143 0.13498019396551725
1 0.102286 0.417026 0.14199800000000004 0.394397
1 0.026474100000000004 0.258621 0.052948300000000004 0.133621
1 0.5684502587244283 0.4655170043103448 0.12182446450060169 0.44396599137931037
2 0.785199 0.455819 0.1552350000000001 0.2952589999999999
1 0.37846 0.290948 0.09747289999999996 0.19827599999999998
1 0.8237060000000002 0.22198300000000004 0.06859209999999999 0.13362100000000002
1 0.956077 0.300647 0.07099879999999993 0.213362
2 0.755716 0.257543 0.0986763 0.15301699999999996
1 0.054151599999999994 0.290948 0.09867629999999998 0.13362100000000002
2 0.6648619975932611 0.6559901939655173 0.22984399518652227 0.29146758620689656
1 0.216606 0.37068999999999996 0.13237099999999996 0.21120700000000003
2 0.6708780000000001 0.3125 0.10228600000000006 0.16810300000000003
1 0.290614 0.415948 0.150421 0.2543100000000001
1 0.9121540072202167 0.7668271659482759 0.15643800240673886 0.3413466594827586
1 0.5726801684717209 0.27435883620689655 0.11167215403128761 0.1384633620689655
1 0.24625264741275568 0.24423113146551725 0.1116728038507822 0.1782058405172414
1 0.5991668652226233 0.13076973060344826 0.06299478941034897 0.1076932974137931
2 0.7147765102286402 0.15833375 0.06227850782190132 0.09102646551724138
1 0.6693201383874849 0.23397399784482756 0.09162865222623345 0.16538390086206897
1 0.7280201504211793 0.2108972198275862 0.05440494584837545 0.1141021120689655
1 0.7888673044524669 0.1711542025862069 0.052972972322503004 0.12435969827586207
