1 0.7919784902682799 0.48046480693069304 0.12356501841136244 0.2698396138613861
1 0.517622 0.302475 0.07574959999999997 0.19505000000000003
1 0.975539 0.333663 0.048921599999999885 0.16039599999999996
1 0.717254 0.47376200000000007 0.161494 0.288119
1 0.9395059999999998 0.348515 0.09047870000000004 0.16237599999999994
1 0.10115123619147817 0.5846153316831684 0.16415833771699107 0.34871785148514856
0 0.35283745397159394 0.6775638613861387 0.0 0.001282178217821782
1 0.40835127301420304 0.5634618811881188 0.14236110468174645 0.2782049504950495
1 0.3841702893214098 0.3955125940594059 0.10353527617043662 0.2397431287128713
1 0.28676539978958443 0.5493589108910891 0.13078137296159914 0.2935891089108911
1 0.6293852761704366 0.291666702970297 0.06675285639137296 0.17820520792079206
