1 0.10837199541284405 0.6280002309058614 0.21445 0.6414354529307282
1 0.474197 0.15452900000000003 0.07224769999999998 0.15630600000000003
2 0.7597676662844036 0.5602564031971581 0.2832963417431193 0.4128205150976909
2 0.59289 0.15541700000000003 0.10321099999999996 0.15452900000000003
1 0.0538991 0.203375 0.107798 0.17229100000000003
1 0.739679 0.265542 0.16284399999999996 0.218472
1 0.255161 0.37833000000000006 0.12041299999999999 0.26643000000000006
1 0.834289 0.15186500000000003 0.11811900000000015 0.15097700000000003
2 0.29701800458715594 0.7943219449378329 0.34632999999999997 0.3062279040852575
1 0.456422001146789 0.536403028419183 0.23623900229357797 0.3446009413854352
1 0.22649100000000003 0.21758400000000003 0.06766050000000003 0.16873899999999997
1 0.1634797993119266 0.15576916518650089 0.12333397935779816 0.14999985790408527
2 0.35634518348623856 0.1557690053285968 0.11340137614678898 0.16025595026642986
