2 0.21385299999999996 0.2116 0.08944179999999999 0.11089899999999996
2 0.584902 0.21638000000000002 0.058843299999999925 0.12428299999999999
2 0.6867849999999999 0.30879500000000004 0.0763282 0.14212900000000003
1 0.72495 0.163799 0.0605245 0.10197600000000002
2 0.617518 0.126832 0.048083399999999867 0.0854047
2 0.8665100016812375 0.43005805289993626 0.1291190013449899 0.145012103250478
1 0.767317000672495 0.12322141172721479 0.04640219905850706 0.09772487571701721
1 0.2935439996637525 0.3194280019120459 0.09482179892400806 0.11321498406628426
2 0.595831 0.297323 0.08944179999999986 0.148502
1 0.641728 0.16093100000000002 0.05615330000000005 0.12428300000000003
1 0.635508 0.413639 0.10894399999999985 0.19375399999999998
1 0.163921 0.14627199999999999 0.06758570000000001 0.11663499999999999
2 0.07716880000000001 0.300191 0.0729657 0.12237099999999998
1 0.73033 0.404398 0.09011429999999997 0.18419399999999997
2 0.24142599999999997 0.160293 0.06657699999999997 0.08349270000000004
1 0.403833 0.293818 0.07195700000000005 0.15551300000000007
1 0.8014460000000001 0.301785 0.09852050000000007 0.15105199999999994
2 0.661735 0.224984 0.07397440000000001 0.107075
1 0.272192 0.109943 0.06018829999999997 0.0898662
2 0.6397110003362475 0.5941352676864246 0.124075 0.2113474633524538
2 0.322125 0.22402800000000003 0.08204440000000005 0.10133800000000004
1 0.0566576983860121 0.544570277246654 0.113315 0.21342355003186744
1 0.333894 0.166029 0.07531940000000002 0.0924155
1 0.686617 0.308795 0.07666440000000004 0.139579
2 0.332717 0.652326 0.11667799999999999 0.45442999999999995
2 0.9558098436449227 0.41621459528362015 0.08675179892400807 0.14781380497131932
2 0.25100900134498993 0.39606458253664756 0.09986550100874243 0.15879583173996176
1 0.403161 0.209369 0.0813718999999999 0.13193099999999996
2 0.16240800100874245 0.28424913639260674 0.08944179892400807 0.13003673040152963
1 0.826496 0.21861100000000003 0.06926699999999987 0.12619500000000003
2 0.895763 0.304653 0.09078679999999999 0.142766
2 0.118191 0.446463 0.10928000000000002 0.25812599999999997
1 0.752017 0.23518199999999997 0.08036309999999997 0.11089899999999998
2 0.122562 0.211281 0.0924681 0.10133799999999998
1 0.211332 0.09974509999999999 0.05615330000000001 0.101338
2 0.7748820000000001 0.6994899999999998 0.14559499999999986 0.4021669999999999
2 0.9437018258238064 0.671794872530274 0.11259634835238735 0.3871794837476099
2 0.20712799932750503 0.6641025621414914 0.13382599865501008 0.45641024856596557
1 0.6956953345662408 0.12885811982154238 0.05129191324815063 0.07253105162523901
