1 0.6020189989088925 0.7593096442885772 0.13038699945444626 0.2288757014028056
1 0.26077500000000003 0.467435 0.06546640000000002 0.13326700000000002
1 0.8952540016366612 0.7762820490981963 0.11020200218221494 0.39871794589178355
1 0.633388 0.457415 0.07092199999999985 0.1432869999999999
0 0.39470800054555366 0.6528950601202405 0.0921985979268958 0.21761412825651302
1 0.46781199999999995 0.488477 0.05946540000000004 0.131263
0 0.612657 0.599198 0.09819969999999985 0.18837700000000002
0 0.7105415902891434 0.6994371593186373 0.08665948172394981 0.21651031062124249
1 0.0792264048008729 0.49807676853707417 0.08446153846153846 0.14230738476953908
1 0.08760258592471358 0.630127985971944 0.1291352536824877 0.15256366733466936
1 0.0764342253136934 0.7057693086172345 0.13890787234042554 0.2192309218436874
1 0.07259492635024549 0.8653845240480963 0.14518985270049098 0.26666684368737475
1 0.5004868494271686 0.7820511523046093 0.16194283142389526 0.28461513026052104
1 0.7807453600654666 0.48333341182364725 0.09004555919258046 0.16410271543086172
1 0.7060562902345882 0.5423074498997996 0.09004563011456629 0.2179482264529058
1 0.5661013966175669 0.45256429358717437 0.06701051827605019 0.1717952605210421
0 0.3671633578832515 0.5352563827655311 0.12145724495362795 0.21923072144288577
