1 0.5249629955947136 0.3291655541561713 0.07488989720998532 0.12756188916876574
1 0.3848754185022026 0.2923706926952141 0.07019136563876652 0.11551060453400504
2 0.43579034508076364 0.22063564231738034 0.052196578560939795 0.10280972292191436
2 0.9824417767988253 0.35012599496221664 0.035115859030837006 0.1057929974811083
2 0.06534510279001468 0.6117078589420655 0.13069 0.2611996977329975
1 0.36343599853157127 0.23712139798488666 0.06314239353891336 0.11014022670025189
1 0.7820956020558002 0.712885226700252 0.11275478707782673 0.2973064735516373
2 0.9618209911894273 0.37747683879093197 0.06167399412628487 0.1216203274559194
1 0.765786 0.328715 0.09251099999999995 0.183879
2 0.4721 0.274559 0.06607930000000001 0.11083100000000001
1 0.670338 0.8148610000000001 0.20704800000000015 0.350126
1 0.483113 0.438287 0.09985320000000004 0.1914359999999999
1 0.7525700000000001 0.5 0.1160060000000001 0.19395499999999993
1 0.6192147283406755 0.3461536523929471 0.09940314243759177 0.24102770780856425
2 0.879680785609398 0.6794874055415617 0.14050920704845815 0.16666750629722923
2 0.5370012261380323 0.5833327204030226 0.12182427312775329 0.28461415617128466
1 0.672653127753304 0.4089741687657431 0.09566584434654918 0.16666627204030227
1 0.6980649486049927 0.26858942065491187 0.08221371512481646 0.1371788413098237
1 0.8419379515418501 0.4211536523929471 0.07997138032305433 0.27564231738035266
1 0.8770651908957416 0.2807695214105793 0.05157005873715125 0.125639798488665
1 0.46749389867841407 0.18269176322418135 0.04260104258443466 0.0910245340050378
