1 0.17306700000000003 0.469682 0.08977830000000005 0.18986099999999997
0 0.69497 0.521869 0.09085990000000016 0.333996
0 0.9206366792861006 0.571077231610338 0.12952064899945917 0.3190775447316103
0 0.7877229962141699 0.3890005765407555 0.0978906976744186 0.17030884691848908
0 0.3633238885884261 0.3333333300198807 0.08351982693347755 0.18461538767395627
0 0.8120610005408329 0.33172243538767393 0.05462409951325041 0.11985512922465208
0 0.382098 0.263916 0.04597080000000001 0.10437399999999995
0 0.3487678718226068 0.5837156610337972 0.1116057166035695 0.5264056759443341
0 0.431585 0.355865 0.07463489999999995 0.13717700000000002
0 0.9603733666846944 0.35630852385685885 0.07925236884802596 0.2356939662027833
0 0.7160630016224987 0.3991497713717694 0.0562465981611682 0.1957354473161034
0 0.4039972742022715 0.6547749801192843 0.22066945375878852 0.686473041749503
0 0.477015 0.297217 0.04651159999999999 0.188867
0 0.9348300027041644 0.45228476143141155 0.11303400216333152 0.17892848906560635
0 0.8342349972958355 0.8500793489065606 0.23958899945916712 0.289902296222664
1 0.6316186641427799 0.4044873558648111 0.08161177934018389 0.23461574552683895
0 0.5214078366684695 0.33012809145129224 0.04812970254191455 0.14743566600397615
1 0.27517789345592214 0.39999982107355864 0.0816117631151974 0.25640990059642144
0 0.1876369902650081 0.3275639363817097 0.06835825310978907 0.11153813121272366
0 0.9451608491076258 0.31410251491053676 0.05580269334775555 0.13076912524850895
