1 0.7542493813682679 0.30484537990196076 0.1029674672489083 0.11082208333333333
1 0.7229425618631732 0.35450604166666666 0.10431082969432315 0.15509046568627452
1 0.603348 0.323529 0.07132460000000007 0.11764699999999997
1 0.3281376710334789 0.7879981862745097 0.17050666666666667 0.38478759803921564
1 0.4534210000000001 0.457108 0.10334800000000005 0.23774499999999996
1 0.9395920000000001 0.4901960000000001 0.117904 0.15686300000000006
1 0.655022 0.294118 0.06404660000000001 0.09803919999999999
1 0.871907001455604 0.8217948774509803 0.2561859970887918 0.31538460784313727
1 0.9257640029112081 0.5893100490196078 0.1484719941775837 0.25214911764705883
1 0.894469 0.343137 0.05676860000000013 0.11274499999999997
1 0.7561860000000001 0.558824 0.14119400000000012 0.30882400000000004
1 0.86099 0.3725490000000001 0.10334800000000005 0.16666700000000004
1 0.417031 0.276961 0.06550219999999993 0.12254900000000005
1 0.23216899999999996 0.366422 0.07423580000000002 0.12009800000000007
1 0.818049 0.45588200000000006 0.11062599999999993 0.17156900000000003
1 0.515284 0.38848 0.08442500000000001 0.125
1 0.663755 0.688725 0.18049500000000002 0.26960800000000007
1 0.558224 0.806373 0.18777299999999997 0.3529409999999999
1 0.28970960698689957 0.3397435906862745 0.04187627365356623 0.12051281862745097
1 0.09936155021834062 0.4384618259803922 0.08451416302765648 0.14871850490196079
1 0.03235953420669578 0.4871793014705882 0.06471906841339156 0.164102181372549
1 0.08070742358078602 0.5256412132352941 0.10202620087336245 0.17692345588235295
1 0.19834302037845705 0.46858936274509805 0.11344787481804948 0.1397428431372549
1 0.320926826783115 0.44038498774509804 0.09821912663755458 0.2089751225490196
1 0.46026167394468703 0.24807644607843138 0.058626579330422125 0.11666573529411765
1 0.48919516011644837 0.3096159558823529 0.0845150655021834 0.13205240196078433
1 0.65327538573508 0.4179486274509803 0.07157149927219797 0.1666664705882353
1 0.5798010334788938 0.4974354289215686 0.11801656477438137 0.25128110294117645
1 0.8115363901018923 0.896703431372549 0.20949199417758368 0.17362745098039217
