2 0.7220259982332157 0.32035063121272367 0.09187279740871614 0.20223973161033798
1 0.7739980653710247 0.6461869333996024 0.1929298409893993 0.5744251391650099
1 0.035630199999999994 0.37027800000000005 0.07008239999999999 0.16401599999999994
1 0.052414596584216724 0.3044095675944334 0.09422849823321555 0.12676786282306163
1 0.6156897703180212 0.6923460039761432 0.1783755359246172 0.61332
1 0.326266 0.469185 0.13780899999999996 0.23061599999999996
1 0.6280919994110719 0.3230769234592445 0.08539459952885749 0.2666666699801193
1 0.340989 0.353877 0.12956399999999998 0.1749499999999999
1 0.534451996466431 0.24655034791252486 0.07479389870435807 0.18284429423459245
1 0.270318 0.30019900000000005 0.08009419999999999 0.14314099999999996
1 0.4790075736160188 0.6948310039761432 0.2253891519434629 0.59841
1 0.29947 0.643141 0.213781 0.3876740000000001
1 0.47232 0.428436958250497 0.1495879976442874 0.2107200795228628
1 0.14836304475853945 0.7534789960238568 0.2896590930506478 0.47713699801192844
1 0.4682726972909306 0.22115366799204772 0.06608240282685512 0.21410220675944333
1 0.5852458863368669 0.1903847166998012 0.05089103062426384 0.10128225646123261
1 0.17128233804475854 0.4878207306163022 0.12229044758539458 0.29871837972167
1 0.0896287485276796 0.5685899453280319 0.1747001001177856 0.3269234890656063
1 0.3748459717314488 0.2249999602385686 0.07975446407538281 0.2192306958250497
1 0.44738441107184923 0.3128203976143141 0.11545379269729093 0.1820510536779324
1 0.23318673439340398 0.377564189860835 0.08810945229681978 0.21666684890656063
