0 0.2647538522588523 0.27446798936170214 0.1469273137973138 0.208511
1 0.2002440048840049 0.21858974468085104 0.07570210012210012 0.10897434042553192
0 0.9487179975579976 0.7176350106382978 0.10256400488400488 0.4583469574468085
1 0.92735 0.2989359999999999 0.1428570000000001 0.35531899999999994
2 0.7460320024420025 0.26320209574468084 0.14652 0.19361699999999998
2 0.26801 0.437234 0.167277 0.385106
0 0.3749645482295482 0.623404 0.180472905982906 0.52766
0 0.5036630036630036 0.7671032659574468 0.3406589987789988 0.45728346808510634
1 0.5225890000000001 0.394681 0.16117200000000007 0.32978699999999994
2 0.7594630000000001 0.517021 0.2319899999999999 0.4042550000000001
0 0.40781400488400493 0.21708913829787235 0.08058610500610501 0.17007572340425534
0 0.652625 0.13617 0.062271100000000086 0.131915
0 0.714763376068376 0.15384574468085108 0.07725224664224664 0.10769148936170213
