1 0.378953 0.252525 0.07411070000000002 0.14429999999999998
1 0.17539499999999997 0.378788 0.135375 0.22077900000000006
1 0.8063756077075098 0.5320512265512265 0.1852428557312253 0.42307792207792205
1 0.9336749011857708 0.38653818181818184 0.08340316205533596 0.20128150072150072
1 0.9064591452569171 0.494230937950938 0.0921825 0.26025673881673883
1 0.6983906225296442 0.578845873015873 0.0781357509881423 0.28333278499278497
1 0.30112883893280634 0.6634617604617604 0.18085299407114624 0.5602568542568542
1 0.46749582015810276 0.2544869552669553 0.06935618577075099 0.17051238095238097
1 0.4376462845849802 0.1756409163059163 0.057065138339920954 0.1051279797979798
1 0.5223662598814228 0.17115367965367964 0.07725759881422925 0.1269220779220779
1 0.4222827223320158 0.5301278715728716 0.12466578063241107 0.4756403607503607
1 0.287520790513834 0.3032049062049062 0.09920545454545455 0.1782049062049062
1 0.4020903013833992 0.32435903318903314 0.10886287549407114 0.18974369408369407
1 0.11456939723320157 0.7153843362193363 0.2273829446640316 0.47692252525252526
