1 0.0392621 0.462019 0.0785241 0.15480799999999995
1 0.622043 0.307692 0.10122999999999996 0.10384600000000001
1 0.0430464 0.326923 0.0860927 0.10961499999999999
1 0.126774 0.710096 0.253548 0.514423
1 0.919584 0.5105770000000001 0.16083300000000003 0.32115399999999994
1 0.8150426773888363 0.401923 0.14664164616840114 0.244231
1 0.18542999999999998 0.372115 0.14380299999999996 0.19423100000000001
1 0.5851470000000001 0.4524039999999999 0.17691600000000002 0.281731
1 0.2838220009460738 0.6084934375 0.2270580037842952 0.426602875
1 0.377956 0.369712 0.135289 0.13750000000000012
1 0.5312199952696309 0.7419872932692307 0.326394995269631 0.5044874134615385
1 0.682119 0.5985580000000001 0.26300900000000005 0.27788499999999994
1 0.5354777672658467 0.3057692307692308 0.07947019867549669 0.1423076923076923
1 0.4553770104068117 0.30641041826923077 0.09334626300851466 0.13076954807692306
1 0.3809522232734153 0.2666666682692308 0.08829990539262063 0.08205127884615385
1 0.31914222800378433 0.2826924663461538 0.10343739829706718 0.0935900673076923
1 0.12866603595080417 0.30897451923076924 0.09082308420056764 0.0871798076923077
1 0.2825607048249763 0.337820514423077 0.10091454115421003 0.14743589423076922
1 0.4799747729422895 0.3570511201923077 0.1425417880794702 0.13974391346153847
1 0.8508357000946073 0.3179485576923077 0.12992746452223272 0.1205125
1 0.6862188552507096 0.40897419711538463 0.12109744560075686 0.21794839423076923
