1 0.7965854064272211 0.49450951247165537 0.1268524511657215 0.24286517006802721
1 0.18872099873976056 0.47738967687074824 0.06364209829867674 0.26316935374149664
1 0.704159 0.429138 0.09514810000000001 0.19841299999999995
1 0.5135479993698803 0.3359628628117914 0.06931320100819156 0.11038726757369614
1 0.468809 0.354308 0.06427220000000008 0.137188
1 0.7890750409577819 0.6937289512471655 0.1487080025204789 0.49886599773242635
2 0.665406 0.47619000000000006 0.0970384 0.22449
2 0.38437299621928167 0.41250230158730156 0.10207899810964083 0.14551741496598639
2 0.3339630025204789 0.549402619047619 0.08569630119722747 0.31162575963718825
1 0.732199 0.37074799999999997 0.07813479999999992 0.13832199999999992
1 0.6266540012602394 0.6470129421768707 0.14051700063011974 0.4247951133786848
1 0.5113714839319471 0.4750569954648526 0.07366633270321361 0.2517009977324263
1 0.3640976685570258 0.30641007936507936 0.05700189035916824 0.09487145124716553
1 0.3209901134215501 0.32948691609977326 0.059138865784499055 0.1025635827664399
1 0.29605203213610587 0.39807692176870746 0.06198919344675489 0.13717948979591837
1 0.2219500252047889 0.3673075623582766 0.044888859483301825 0.12948691609977325
1 0.2426129615626969 0.5083334183673469 0.09333992438563327 0.29615402494331067
1 0.6027918683049779 0.34999973922902494 0.1040278197857593 0.16410204081632654
1 0.575359943289225 0.4403848356009071 0.0790898172652804 0.3012824829931973
1 0.8354295463137995 0.4301279421768707 0.08621463137996219 0.23461486394557823
1 0.8172604347826088 0.42884589002267576 0.0883524763705104 0.13717896825396825
1 0.43214349716446127 0.5929488945578231 0.12611628229363578 0.37307726757369614
