1 0.519957 0.418838 0.053219799999999956 0.13026099999999993
1 0.7128789968068122 0.7168555711422845 0.11548699840340607 0.2516598597194389
1 0.888505 0.753006 0.126131 0.3937880000000001
1 0.435072 0.555611 0.07610430000000003 0.181363
1 0.6070585417775413 0.6108972945891783 0.09601277275146354 0.1782054108216433
1 0.40413809739222994 0.6570511022044088 0.1150787812666312 0.21410220440881764
1 0.27033342203299626 0.47206784068136276 0.0653704097924428 0.13278816633266532
1 0.24003153006918573 0.4384615280561122 0.05379431080361895 0.11794868737474949
1 0.6196557291112293 0.7628204108216433 0.14844479510377862 0.233333126252505
2 0.5093435125066524 0.7858973597194389 0.1607020117083555 0.2974357414829659
1 0.37758139968068116 0.3839742034068137 0.05379409260244811 0.17051251503006012
1 0.416395191591272 0.46602574148296594 0.04970881852048962 0.10897456913827655
1 0.4725726716338478 0.49294853707414826 0.053113304949441185 0.14230733466933868
1 0.6295293720063864 0.46474380761523043 0.0783079403938265 0.15769274549098197
1 0.8658158861096328 0.5352565380761523 0.09601271953166579 0.18076948897795592
