1 0.41814274204244034 0.17323799880525687 0.059097380636604774 0.1887689964157706
1 0.7758619993368702 0.10684896654719235 0.0636604973474801 0.13245592592592592
1 0.70756 0.656511 0.20557000000000006 0.6869770000000001
1 0.209218 0.421147 0.14389900000000005 0.354839
1 0.657162025862069 0.30764599163679807 0.16578204907161803 0.23297499402628435
1 0.1753098773209549 0.7359620071684587 0.3453147546419098 0.5209080047789725
1 0.874005 0.614695 0.1923079999999998 0.708483
1 0.94462899867374 0.3339743608124253 0.11074299734748011 0.39102563918757466
1 0.342175 0.599164 0.23607399999999998 0.4767030000000001
1 0.36803700000000006 0.39187600000000006 0.17374000000000003 0.29629600000000006
1 0.131631 0.345878 0.10278500000000002 0.22102699999999995
1 0.0696286 0.20967699999999997 0.10079599999999998 0.168459
1 0.546088 0.353047 0.17572900000000005 0.25687
1 0.10744996021220159 0.5173074193548387 0.21632330238726788 0.3807686738351254
