1 0.188021 0.338426 0.07708329999999997 0.20462999999999995
2 0.5473960000000001 0.4326923055555556 0.104167 0.3064102592592593
2 0.41197899999999993 0.21296300000000004 0.04062500000000006 0.08333330000000003
1 0.8760817317708333 0.37129599999999996 0.11658653645833333 0.177778
2 0.317448 0.42638899999999996 0.10156200000000001 0.15463000000000002
2 0.38150999999999996 0.237963 0.05989580000000003 0.09814810000000002
2 0.6502599999999998 0.274537 0.08802079999999997 0.132407
2 0.7708329999999999 0.349074 0.06875000000000012 0.12777799999999992
2 0.46530422916666664 0.48657399999999995 0.10272384375 0.249074
2 0.480208 0.307407 0.06875 0.10185200000000005
2 0.876562 0.431944 0.1166670000000001 0.17314800000000005
2 0.426562 0.35463 0.09479170000000003 0.19814800000000002
1 0.882552 0.5418450277777778 0.140104 0.18112594444444444
2 0.660677 0.716667 0.20260399999999995 0.4796299999999999
2 0.740104 0.378241 0.11458300000000013 0.18055600000000002
2 0.233854 0.578704 0.1375 0.35925900000000005
2 0.7145829999999999 0.527315 0.11250000000000011 0.2027779999999999
2 0.8850161927083333 0.7643519999999999 0.20080161458333334 0.456481
1 0.40625 0.633333 0.159375 0.39259299999999997
2 0.23725949479166666 0.27500003703703707 0.05624976041666666 0.10384622222222221
1 0.28377395833333335 0.3512822314814815 0.08004791666666668 0.20000035185185186
