1 0.22761000000000003 0.5529699999999999 0.06200319999999997 0.12376199999999994
1 0.525172 0.518317 0.061473200000000026 0.13366300000000003
1 0.6645470005299416 0.7632505544554457 0.10492800211976683 0.2096691089108911
1 0.5678330000000001 0.689604 0.10969800000000007 0.15148500000000015
1 0.8415470005299417 0.8162605148514851 0.13142599894011658 0.3555979603960396
0 0.30445200052994176 0.6331890544554455 0.06730260201377848 0.16340911881188117
1 0.425278 0.564851 0.05776360000000002 0.13762400000000002
1 0.40010599999999996 0.6351489999999999 0.07843140000000003 0.15742600000000015
1 0.046319003709591945 0.5205128069306931 0.05970009538950715 0.13846151485148514
1 0.048720638579756226 0.571153896039604 0.07273784313725491 0.13974369306930692
1 0.057298240593534715 0.6275641534653467 0.0885206359300477 0.12692317821782179
1 0.0531809750927398 0.7660252475247525 0.1063619501854796 0.20128217821782177
1 0.20174471648118705 0.5179485148514852 0.056268913619501856 0.10256435643564357
1 0.3348688129305776 0.49038465346534654 0.037055166931637525 0.10384653465346536
1 0.5801877556968734 0.5493587475247526 0.07479671966083731 0.1679491782178218
1 0.3832463063063063 0.5243589108910891 0.04460330683624801 0.11282079207920792
1 0.265561942236354 0.5961539356435643 0.05215169581346052 0.15128222772277228
1 0.5541118044515103 0.8269231287128713 0.1228309750927398 0.22820522772277227
1 0.9078512082670905 0.6865386782178219 0.08646186539480656 0.17564145544554458
1 0.6577290355060943 0.6089741188118811 0.08852073131955486 0.20769279207920793
1 0.46083863275039744 0.8546099306930693 0.15487811340752516 0.25673758415841585
1 0.3606235824059353 0.7198579207920792 0.11691817700052994 0.18865247524752474
