1 0.6466650703399766 0.2150712598425197 0.049237995310668234 0.0984251968503937
1 0.40973 0.27487877952755907 0.05509960140679953 0.09591141732283465
2 0.395076 0.189961 0.05861660000000007 0.08070869999999995
1 0.20515800117233293 0.6301282086614174 0.18991799531066822 0.5089743700787402
1 0.057444300000000004 0.4409449999999999 0.112544 0.2125979999999999
1 0.053927300000000004 0.32874 0.10551 0.18897600000000003
1 0.10199300000000001 0.47637799999999997 0.17585 0.22440899999999997
1 0.2549820046893318 0.23653846456692915 0.06682300117233295 0.1192307874015748
1 0.8581957796014067 0.3083336614173228 0.06718874560375146 0.1833326771653543
1 0.7303064888628371 0.3012820275590551 0.09696732708089098 0.17948712598425198
1 0.7520664771395076 0.524999970472441 0.18629846424384525 0.23205124015748033
1 0.4714730363423213 0.2608971062992126 0.0862778429073857 0.14487114173228346
