0 0.36347778873239434 0.6080270440251573 0.09302275492957746 0.5365669182389937
0 0.36507000000000006 0.29498467505241094 0.045070400000000004 0.09766165618448637
0 0.5030162873239437 0.3234561215932914 0.04410841690140845 0.18537377358490564
0 0.9571830028169014 0.592686713836478 0.0856338028169014 0.3135785639412998
0 0.407887 0.296646 0.041690099999999945 0.12578600000000004
0 0.747324 0.41614299999999993 0.06366200000000005 0.22851199999999994
0 0.8397179999999999 0.352725 0.040000000000000126 0.12893100000000002
0 0.255493 0.339099 0.05690139999999999 0.11006300000000002
0 0.9816511887323944 0.33680062368972746 0.036697825352112676 0.16078074423480082
0 0.721972 0.551363 0.08845069999999985 0.360587
0 0.548169 0.31184500000000004 0.06309859999999998 0.145702
0 0.4245070028169014 0.657051284067086 0.221408 0.6474359014675053
0 0.910986 0.8409694916142558 0.1757749971830986 0.3075800104821803
0 0.810423 0.356394 0.06028170000000001 0.28930799999999995
0 0.46028199999999997 0.356394 0.07774650000000004 0.16771500000000006
0 0.1791549295774648 0.5012821331236897 0.09371154929577465 0.19230785115303983
0 0.06442678309859155 0.5083331708595388 0.12747544788732396 0.22692275681341717
0 0.19672580845070423 0.3576925104821803 0.05994781971830986 0.1384619392033543
1 0.2914711605633803 0.4083332547169812 0.08819908732394366 0.22179470649895178
0 0.35520907887323944 0.33397411949685535 0.04341057464788732 0.14743540880503145
0 0.5781191549295776 0.32051306079664565 0.02756225352112676 0.11025689727463313
0 0.5743292732394366 0.6467946278825997 0.11093807323943661 0.25512772536687633
