2 0.171875 0.4276960000000001 0.12351200000000001 0.16911800000000002
2 0.755208 0.7193629999999999 0.14732100000000006 0.27205900000000005
2 0.8660710044642856 0.4204749754901961 0.13988099702380952 0.2178730392156863
1 0.973214 0.346814 0.053571400000000005 0.10539200000000008
2 0.4903270000000001 0.20833300000000002 0.06994050000000003 0.10784300000000004
1 0.389881 0.185049 0.04761899999999995 0.10049000000000004
1 0.532738005952381 0.5751317279411764 0.11904800595238095 0.27281345588235295
1 0.348958 0.23897100000000002 0.07291669999999992 0.10048999999999997
2 0.8816959970238096 0.2857089950980392 0.06398809523809523 0.11063328431372549
2 0.6666326190476191 0.4064102573529412 0.11458300595238095 0.15384615196078433
2 0.411458 0.352941 0.08779759999999999 0.112745
1 0.171875 0.426471 0.12351200000000001 0.16666699999999998
1 0.935268 0.35661799999999994 0.09672620000000011 0.14460799999999996
2 0.380208 0.292892 0.08779759999999999 0.11029400000000002
2 0.747024 0.4975490000000001 0.11011900000000012 0.191176
1 0.056547604166666675 0.4512444485294118 0.11309500000000001 0.15633507352941176
2 0.514881 0.329657 0.07440479999999994 0.11029400000000002
2 0.5654760044642857 0.4180618137254902 0.08035709821428572 0.15407235294117647
1 0.5401790029761904 0.2574281862745098 0.07142860119047618 0.10309235294117648
2 0.46875 0.42402 0.0982143 0.19607800000000006
2 0.880208 0.6556370000000001 0.14434499999999992 0.183824
2 0.05580360000000001 0.6200979999999999 0.108631 0.22058799999999998
2 0.6453755580357142 0.8149510049019607 0.21932212797619047 0.30637299019607844
1 0.6049110044642857 0.32156841911764705 0.10267900297619048 0.12352982843137256
2 0.19717300595238094 0.8087293627450981 0.17708300595238097 0.3184387254901961
1 0.18154799999999996 0.5625 0.14583299999999996 0.20833300000000002
1 0.07550354910714285 0.3807686642156862 0.09496313988095238 0.12051169117647059
2 0.6534572470238095 0.5435899264705882 0.12220752976190476 0.17435936274509806
1 0.6869278869047619 0.2756404656862745 0.07706089285714286 0.13076808823529412
1 0.8040751488095237 0.23589762254901964 0.052930059523809525 0.0897439705882353
1 0.7888968675595238 0.3179486274509804 0.05370947916666667 0.09999980392156863
2 0.8297622470238095 0.3025641053921569 0.07161241071428572 0.09487178921568627
1 0.4530222023809524 0.26758210784313724 0.06805380952380953 0.12417401960784313
