1 0.20509299830220712 0.4678842972593113 0.11001699830220714 0.36935959943780744
1 0.7153488998302208 0.16376771609276178 0.05480740237691002 0.2557405621925509
1 0.358574 0.0762474 0.03735140000000007 0.0737878
1 0.142445 0.23155299999999998 0.056027200000000006 0.10892499999999997
2 0.395756 0.422347 0.10967700000000001 0.23471500000000006
1 0.6814940016977928 0.13897238229093464 0.0685908013582343 0.13948323260716797
1 0.529542 0.07273370000000001 0.050594199999999874 0.12016900000000001
1 0.29983 0.107168 0.057725000000000005 0.11595200000000001
1 0.439389 0.0456781 0.04142610000000002 0.08995080000000001
1 0.568421 0.0439213 0.044821699999999985 0.0878426
1 0.580475 0.418482 0.09541599999999997 0.45186199999999993
1 0.3891339999999999 0.0811666 0.048217300000000025 0.0808152
1 0.36621400000000004 0.177442 0.060781 0.12157400000000002
1 0.187776 0.24666200000000002 0.09303909999999997 0.16725200000000004
1 0.054985845500848896 0.31858974349964864 0.04554610865874363 0.1141025650035137
1 0.33259799999999995 0.12262799999999999 0.058743599999999965 0.10189699999999999
2 0.324448 0.328883 0.09405770000000005 0.3021789999999999
1 0.7910020016977929 0.22139286718200984 0.087945701188455 0.18124726633872099
1 0.7726198200339559 0.33302515811665495 0.10433676061120542 0.22502468025298666
1 0.27504200000000006 0.255446 0.0719864 0.14265600000000003
1 0.481155 0.562895 0.12427799999999987 0.44975399999999993
1 0.09473679796264856 0.40084953267744206 0.07809849915110356 0.27349393534785665
1 0.8923600000000002 0.167955 0.06655349999999997 0.14195399999999997
1 0.8382260033955858 0.5594946240337315 0.13271599320882851 0.3061687420941672
1 0.614771 0.12412937456078707 0.06281829881154499 0.1354382431482783
1 0.413752 0.22593099999999997 0.08251269999999995 0.22417399999999998
2 0.6402379983022071 0.31217948699929726 0.0852291986417657 0.3474358959943781
1 0.480475 0.12965600000000002 0.06519519999999997 0.15108900000000003
1 0.244312 0.173226 0.05466889999999998 0.10189700000000002
1 0.7106959983022071 0.5313610962754743 0.13582299830220715 0.27810680252986647
1 0.564177 0.197821 0.07707979999999988 0.14265599999999998
1 0.4945670016977929 0.2927170801124385 0.09677420033955858 0.17774184820801123
1 0.8685063259762309 0.25705120168657764 0.1139836129032258 0.20897419536191145
1 0.8678868488964346 0.369230776528461 0.11522256706281835 0.22564104708362617
1 0.6547869269949066 0.08333331693605059 0.04336332767402377 0.10512816584680253
1 0.5256260322580646 0.04230780042164441 0.052655575551782685 0.08461560084328883
1 0.48102369439728354 0.0756409627547435 0.04893868930390492 0.09999987350667604
1 0.42589025297113753 0.1198716584680253 0.06628401018675721 0.09871768095572733
