1 0.24692999733048585 0.32438026078234705 0.04751739989321943 0.09747847542627884
1 0.3352910010678057 0.3564765095285858 0.05552589962626802 0.16167097291875626
1 0.8238821356113187 0.8632390922768305 0.25214127068873465 0.26750382146439317
1 0.28383840630005336 0.38509229689067204 0.0954301815269621 0.1906974122367101
1 0.704752 0.524072 0.10784799999999997 0.32798400000000005
1 0.754939 0.43229699999999993 0.10357700000000007 0.17853599999999992
1 0.529098 0.324473 0.05979709999999993 0.11334
1 0.4375330005339028 0.3603529488465396 0.07100909770421784 0.12583410230692077
1 0.9101631767218367 0.5788461534603812 0.14016563801388146 0.31153846539618857
1 0.7928460010678057 0.3865704714142428 0.09396689802455953 0.1757050551654965
1 0.848424313934864 0.7352414694082245 0.17501336892685532 0.3730470511534604
1 0.4735720021356113 0.746653370110331 0.19006900160170848 0.46823173520561684
1 0.9420720021356114 0.41794302908726183 0.09877200213561131 0.23332194583751253
1 0.572422482648158 0.6115805416248745 0.15178596903363586 0.26931492477432295
1 0.5032030005339029 0.49122284353059176 0.10304300053390283 0.32347132397191575
1 0.1954079978643887 0.34034559177532603 0.06727179925253604 0.12171682046138416
1 0.3926860010678056 0.3867966399197593 0.08168710090763481 0.13513173520561683
1 0.241324 0.729689 0.15162800000000004 0.52658
1 0.34515721302722907 0.6493589719157472 0.11160757074212493 0.43205128385155467
1 0.0808687213027229 0.45769218154463387 0.10031808328884143 0.21282025075225677
1 0.06926745862253071 0.505769037111334 0.11260229578216764 0.18076884653961886
1 0.17982219701014415 0.49102588766298894 0.10714257875066739 0.17435945837512537
1 0.36237399893219435 0.29230752758274825 0.04367592098238121 0.08205094282848545
1 0.39240137746930054 0.28076928284854563 0.049135312333155365 0.08717958876629889
1 0.4760000560597971 0.3237181544633902 0.04572332621462894 0.14743630892678034
1 0.4353951094500801 0.3262820511534604 0.051865413774693 0.14743589769307924
1 0.654457410571276 0.3378203861584754 0.06824374799786438 0.15256384152457372
1 0.6339842098238122 0.420512627883651 0.08462207688200747 0.25128166499498494
1 0.9233376668446341 0.4544872066198596 0.11737912439935932 0.16538466399197593
1 0.5640344554191138 0.4269230240722166 0.06756129738387613 0.22820502507522566
