0 0.765396004398827 0.3930618854415274 0.08797649560117302 0.17330324582338902
1 0.039589398826979476 0.3162857159904534 0.05278589442815249 0.11205859188544154
2 0.8174489999999999 0.5906919999999999 0.118768 0.1837709999999999
1 0.9391499999999999 0.620525 0.118768 0.19570400000000016
1 0.420088 0.334129 0.0835777 0.14319799999999996
1 0.0593842 0.347255 0.0806452 0.12649200000000005
1 0.25449379765395896 0.36634798329355606 0.10098322580645161 0.1599049880668258
1 0.24968618035190618 0.6692312291169452 0.15753086510263928 0.38461630071599046
1 0.17958517595307918 0.49871773269689734 0.11184724340175953 0.20512778042959426
1 0.4040660923753666 0.5346159665871122 0.11342206744868034 0.36666782816229115
1 0.5096118475073314 0.46474343675417656 0.11027190615835776 0.35256563245823386
1 0.5612030791788857 0.23846062052505965 0.05592228739002933 0.11282100238663484
