1 0.3562767452036351 0.3839743596986817 0.09525550992931672 0.1987179472693032
1 0.724335 0.414313 0.09693709999999992 0.16572499999999998
1 0.588691 0.303829 0.0861662999999999 0.14438199999999998
2 0.332211 0.663528 0.12520999999999993 0.4306339999999999
2 0.579098 0.22693 0.08717599999999993 0.11864400000000003
2 0.794345 0.30947900000000006 0.10030300000000009 0.14061500000000005
2 0.626893000673174 0.5829438010043942 0.129586001346348 0.17028260514752042
1 0.39616300067317406 0.21849310106716885 0.08347360148098283 0.12672979284369115
1 0.026422100302928304 0.3793775109855618 0.051497798720969365 0.19252702448210923
1 0.0318075 0.6302570000000001 0.0636149 0.39548000000000005
2 0.7133959999999999 0.177652 0.06698080000000002 0.09918389999999999
1 0.20228899865365194 0.6477691117388575 0.13598099966341298 0.4596407846829881
1 0.891787 0.312618 0.08852239999999999 0.13936
1 0.680747 0.303829 0.08111749999999998 0.155681
1 0.8202630006731741 0.23061948838669177 0.0753954998317065 0.11252102322661645
2 0.724335 0.412116 0.09626390000000012 0.167608
1 0.266409 0.12021299999999999 0.06630760000000004 0.0847458
1 0.934197 0.676083 0.13160599999999995 0.43440000000000006
2 0.629754 0.413685 0.11107400000000012 0.16572500000000004
2 0.24469899865365197 0.4051039610797238 0.106360999663413 0.16405407407407407
2 0.76927 0.697426 0.14978099999999983 0.39799100000000004
1 0.06698079939414339 0.2836160012554928 0.07606870077415012 0.16723200251098555
1 0.9517249444631436 0.423076971123666 0.0955504476607203 0.16923086629001882
1 0.399387696061932 0.16794862209667294 0.0852394177044766 0.1333331387319523
1 0.3155230696735106 0.22820515379786566 0.08111474924267922 0.1179487633396108
1 0.386326825984517 0.2993588292529818 0.09348838774823293 0.15512791588198369
1 0.5753657017839111 0.1602563622096673 0.061867048131942104 0.13076913370998117
1 0.7616549461460786 0.13589741054613935 0.04124480309660047 0.08717944130571248
