1 0.548021 0.297725 0.04696570000000009 0.102868
1 0.19129299736147756 0.33110240850642925 0.05751979947229552 0.12117917903066272
1 0.380211 0.2695350000000001 0.03957780000000003 0.08803159999999999
1 0.07112553034300792 0.5049228090999011 0.11903166226912928 0.17907637982195845
1 0.27929888918205803 0.380317002967359 0.0757035197889182 0.2007909990108803
1 0.7100260000000002 0.514342 0.13350900000000004 0.33630099999999996
1 0.47929991029023744 0.7581604995054402 0.19870482321899735 0.48367900098911965
1 0.8316915936675462 0.8456039268051434 0.24479581002638523 0.29890015825914934
1 0.9028069577836411 0.4481797032640949 0.11206408970976253 0.17584658753709198
1 0.51847 0.315529 0.054353600000000085 0.11276
1 0.250132 0.322948 0.052770399999999974 0.10187900000000004
1 0.49683400000000005 0.44411500000000004 0.09973609999999997 0.2532150000000001
1 0.23852200000000004 0.726014 0.157256 0.5281900000000003
1 0.350132 0.284372 0.04485489999999998 0.0781405
1 0.42876 0.351632 0.06912930000000006 0.13155300000000003
1 0.7817940026385224 0.3795306726013848 0.0986807018469657 0.16675364985163205
1 0.8552891187335092 0.6761981008902078 0.19760077044854882 0.26778081107814045
1 0.388654 0.380317 0.0796834 0.14935699999999996
1 0.9353559999999999 0.3722591988130564 0.10184699736147756 0.14964660731948565
1 0.5625330000000001 0.599901 0.14564599999999991 0.27003
1 0.743536 0.424827 0.09709760000000006 0.16716099999999995
1 0.327441 0.5777331503461919 0.13139800000000001 0.34008169139465877
1 0.06668869393139842 0.4205127448071217 0.06087485488126649 0.16153830860534127
1 0.6268734116094987 0.41153830860534124 0.08686636939313984 0.24871764589515333
1 0.7982119129287599 0.33076911473788323 0.06566271767810027 0.12564080118694362
1 0.9206453614775726 0.3307691147378833 0.07250241688654353 0.09230746785361028
1 0.55437081530343 0.4173077299703264 0.07045058047493404 0.2192308506429278
