1 0.7371506636500755 0.571794875 0.08968521870286576 0.1025641
1 0.6870290045248869 0.59634615 0.06787330316742081 0.1226923
1 0.6244340000000002 0.52875 0.06033179999999994 0.09749999999999993
1 0.165158 0.64875 0.09803919999999999 0.16749999999999993
1 0.808446 0.67375 0.10859700000000012 0.1475
1 0.42458500000000005 0.79875 0.12217199999999995 0.20249999999999985
1 0.2703331749622926 0.61794865 0.07348146304675716 0.1205127
2 0.2246974886877828 0.737179525 0.11215555052790346 0.19743595
1 0.4609970588235294 0.47350859999999995 0.06961372549019608 0.1709328
2 0.6507070437405732 0.9103166125 0.12731291101055808 0.14654177499999999
1 0.1269581523378582 0.5808911625 0.07426469079939668 0.141852675
