0 0.20950399999999997 0.204938 0.06867850000000003 0.12839500000000004
1 0.03638039715574055 0.6807692314814815 0.07276069719042665 0.5230769197530863
0 0.40530699965313904 0.1321225401234568 0.05792579951439473 0.09501431481481482
0 0.8742630000000001 0.387346 0.08844950000000014 0.15740699999999994
0 0.150711 0.134877 0.0676379 0.11296299999999998
0 0.258585 0.09814810000000002 0.05445719999999999 0.0962963
0 0.693375 0.12787281790123456 0.04717310093652445 0.07882256172839507
0 0.8139090010405828 0.29691366666666663 0.08081859868192855 0.12716066666666667
0 0.548947330905307 0.11346141975308642 0.036020010405827266 0.09358950617283951
1 0.7902825320846341 0.5782052469135802 0.12102772112382934 0.2435895061728395
0 0.3611555671175858 0.34990493827160496 0.04945438779049601 0.15660000000000002
0 0.5982950450919182 0.2903847592592593 0.06699751994450226 0.132051
0 0.10752688172043011 0.19753086419753085 0.062434963579604576 0.1111111111111111
1 0.3296211827956989 0.6496191234567901 0.13160050641692683 0.4538481728395062
