2 0.05462330136986301 0.13229448139109212 0.107877 0.2584879621720561
1 0.170548 0.33742293776693105 0.223973 0.6687438743136059
1 0.30411 0.140329 0.15136999999999998 0.275778
1 0.7977832825342466 0.1037835509456986 0.18799543493150686 0.20243890176937157
2 0.49571899999999997 0.396278 0.235959 0.315436
1 0.610445 0.6646512873703478 0.262671 0.47545642464917637
1 0.713527 0.3852564124466138 0.183219 0.38846153752287976
1 0.565068 0.1978746644295302 0.207534 0.32908266625991456
1 0.3290233390410959 0.6520156528370958 0.32414432191780823 0.6886466931055522
1 0.6537721113013698 0.0929487187309335 0.12305440753424658 0.185897437461867
1 0.7404859845890411 0.23269230933496035 0.19429652397260275 0.39615384380719953
